1 3.84220004e-01 1.09070997e+01 3.63469988e-01 4.30778980e+00 1.38160005e-01 1.33126998e+00 1.07859999e-01 2.56847992e+01 6.25000009e-03
2 7.68440008e-01 1.09070997e+01 7.26939976e-01 4.30778980e+00 2.76309997e-01 1.33126998e+00 2.15719998e-01 2.56847992e+01 1.24899996e-02
3 9.92789984e-01 4.33978987e+00 8.74019980e-01 1.26005995e+00 8.42400014e-01 9.87088013e+01 2.31010005e-01 2.12087997e+02 5.98799996e-02
4 2.22744012e+00 4.96499985e-02 1.55249000e+00 4.29165001e+01 1.40059996e+00 1.66378999e+00 5.82899988e-01 1.00361000e+02 -1.76338995e+00
5 2.03875995e+00 2.30888004e+01 1.41490996e+00 9.78479981e-01 1.11609006e+00 5.98984985e+01 7.32729971e-01 8.53800029e-02 -3.04089993e-01
6 1.93018997e+00 1.27187996e+01 1.87811995e+00 2.86497993e+01 1.57414997e+00 5.96449971e-01 3.71080011e-01 6.50336990e+01 2.46370003e-01
7 1.27912998e+01 2.06400007e-02 3.28546000e+00 1.07018003e+01 1.76482999e+00 3.07772999e+01 5.47089994e-01 1.48044002e+00 -1.13926001e+01
8 2.86039996e+00 1.27907000e+01 2.52119994e+00 5.42789984e+00 1.52960002e+00 3.28200012e-01 8.13499987e-01 3.49406013e+01 2.74199992e-01
9 3.30393004e+00 1.12650995e+01 3.01752996e+00 4.66504002e+00 1.35754001e+00 3.37599993e-01 8.36449981e-01 2.79897995e+01 4.83980000e-01
10 3.71271992e+00 3.91090989e+00 3.52630997e+00 9.63125992e+00 1.19237006e+00 4.04830009e-01 8.30799997e-01 2.39545994e+01 7.37280011e-01
11 5.26399994e+00 4.02579021e+00 2.17548990e+00 1.04796000e+01 1.36689997e+00 8.42220008e-01 1.08859003e+00 1.33617004e+02 1.09912002e+00
12 5.59228992e+00 4.41141987e+00 2.68206000e+00 1.36548996e+00 1.72235000e+00 9.34885025e+01 7.30549991e-01 3.25280991e+01 1.26882994e+00
13 5.35047007e+00 3.48664999e+00 2.92451000e+00 1.20535004e+00 2.27308989e+00 4.26050987e+01 1.16531003e+00 1.07169998e+02 1.28489006e+00
14 5.79410982e+00 2.57103992e+00 3.22390008e+00 3.41775017e+01 2.42794991e+00 8.69369984e-01 1.32149005e+00 8.53410034e+01 1.23139000e+00
15 6.92073011e+00 1.83778000e+00 4.14396000e+00 2.70198002e+01 2.01696992e+00 2.13180006e-01 1.53859997e+00 6.71085968e+01 3.78699988e-01
16 7.06990004e+00 1.36590004e+00 5.33979988e+00 1.98278999e+01 2.23629999e+00 9.21000019e-02 1.51180005e+00 5.52282982e+01 -1.59199998e-01
17 9.83957005e+00 -5.30000019e-04 7.53180981e+00 1.11118996e+00 6.07100010e+00 1.80846004e+01 1.87127995e+00 4.53666000e+01 -8.31429958e+00
18 1.68752003e+01 -1.45600000e-02 8.32256031e+00 8.33100021e-01 6.91325998e+00 1.49176998e+01 2.18514991e+00 3.72256012e+01 -1.62971992e+01
19 8.11756039e+00 1.26683998e+01 7.48061991e+00 7.64090002e-01 1.07795000e+00 2.11222000e+02 9.72180009e-01 3.72727013e+01 1.35009003e+00
20 8.60272026e+00 1.02636003e+01 7.50768995e+00 6.27939999e-01 1.75117004e+00 1.49300995e+02 9.62159991e-01 6.02274017e+01 1.17429996e+00
21 9.06482029e+00 8.77431011e+00 7.55526018e+00 5.33060014e-01 2.05016994e+00 1.23879997e+02 1.28744996e+00 3.68889999e+01 1.03849006e+00
22 9.54969025e+00 7.60579014e+00 7.60066986e+00 4.58990008e-01 2.17223001e+00 1.09098999e+02 1.75437999e+00 2.75715008e+01 9.17620003e-01
23 1.00661001e+01 6.67720985e+00 7.61420012e+00 4.03219998e-01 2.23551011e+00 9.85953979e+01 2.23169994e+00 2.25720005e+01 8.45740020e-01
24 1.04757004e+01 6.01658010e+00 7.51401997e+00 3.74260008e-01 3.50114989e+00 1.90653992e+01 1.54902005e+00 9.74598999e+01 9.52260017e-01
25 1.12518997e+01 5.34817982e+00 7.36934996e+00 3.43730003e-01 3.04106998e+00 1.74088993e+01 2.27702999e+00 8.42138977e+01 1.05194998e+00
26 1.19184999e+01 4.87393999e+00 7.04848003e+00 3.40229988e-01 3.34326005e+00 1.59329996e+01 2.27227998e+00 7.90338974e+01 1.40818000e+00
27 1.25158005e+01 4.48994017e+00 6.63641977e+00 3.54589999e-01 3.57721996e+00 1.48402004e+01 2.25643992e+00 7.47351990e+01 1.91452003e+00
28 1.33239002e+01 4.17742014e+00 6.18745995e+00 3.86819988e-01 3.74792004e+00 1.40122995e+01 2.23195004e+00 7.11194992e+01 2.49899006e+00
29 1.39351997e+01 3.97779012e+00 5.84833002e+00 4.45549995e-01 4.64221001e+00 1.33971004e+01 1.44753003e+00 7.41604996e+01 3.11685991e+00
30 1.46744003e+01 3.71485996e+00 5.62816000e+00 5.00329971e-01 3.92540002e+00 1.28862000e+01 2.16398001e+00 6.54070969e+01 3.59838009e+00
31 1.53411999e+01 3.63867998e+00 5.74149990e+00 6.56400025e-01 3.10733008e+00 1.60718994e+01 2.52764010e+00 7.07609024e+01 4.26842022e+00
32 1.54378004e+01 3.39715004e+00 6.00432014e+00 7.30970025e-01 3.05157995e+00 1.89533005e+01 2.93571997e+00 6.37969017e+01 4.56067991e+00
33 1.54042997e+01 3.07517004e+00 6.13722992e+00 7.41129994e-01 3.74678993e+00 2.10014000e+01 3.01390004e+00 5.77445984e+01 4.69149017e+00
34 1.55372000e+01 2.71530008e+00 5.98288012e+00 6.89260006e-01 4.83966017e+00 2.10079002e+01 2.93548989e+00 5.24308014e+01 4.70026016e+00
35 1.59933996e+01 2.35650992e+00 6.02439022e+00 1.97392998e+01 5.51598978e+00 5.81430018e-01 2.88716006e+00 4.73322983e+01 4.57601976e+00
36 1.68493996e+01 2.01855993e+00 7.19789982e+00 1.80408993e+01 4.92564011e+00 3.97410005e-01 2.91605997e+00 4.25054016e+01 4.10864019e+00
37 1.14808998e+01 1.08140004e+00 9.46903992e+00 1.82800007e+01 9.16981030e+00 2.38825011e+00 1.42607999e+00 1.85292999e+02 5.43920994e+00
38 1.16163998e+01 1.85573995e+00 9.73009014e+00 1.46108999e+01 8.68080997e+00 8.98519993e-01 2.60985994e+00 1.39830002e+02 5.34841013e+00
39 1.90566998e+01 1.24615002e+00 6.50783014e+00 9.68019009e+00 4.81523991e+00 1.88903008e+01 2.84786010e+00 1.21352997e+02 5.76120996e+00
40 1.92273006e+01 1.15488005e+00 1.01378002e+01 1.07876997e+01 2.48177004e+00 1.20125999e+02 2.42892003e+00 3.33722000e+01 5.71886015e+00
41 1.93495998e+01 1.06625998e+00 1.08737001e+01 1.05977001e+01 3.47687006e+00 3.26174011e+01 1.64515996e+00 1.20397003e+02 5.65073013e+00
42 1.93885002e+01 9.78770018e-01 1.18308001e+01 1.00885000e+01 3.75919008e+00 3.19738007e+01 1.46772003e+00 1.17931999e+02 5.55046988e+00
43 1.93596992e+01 8.93559992e-01 1.28086996e+01 9.27497005e+00 3.41371989e+00 3.23512993e+01 1.99925995e+00 1.07405998e+02 5.41555977e+00
44 1.94316006e+01 8.20919991e-01 1.37308998e+01 8.97737026e+00 4.26536989e+00 2.82621002e+01 1.28719997e+00 1.11500999e+02 5.28191996e+00
45 1.94524002e+01 7.50190020e-01 1.46844997e+01 8.42621994e+00 4.50239992e+00 2.61564007e+01 1.24740005e+00 1.07779999e+02 5.11007023e+00
46 1.95123005e+01 6.85829997e-01 1.53800001e+01 7.95713997e+00 5.38329983e+00 2.31807995e+01 8.10150027e-01 6.59294968e+01 4.91426992e+00
47 1.95284004e+01 6.23870015e-01 1.65811005e+01 7.39504004e+00 4.99149990e+00 2.22282009e+01 1.21404004e+00 1.00225998e+02 4.68113995e+00
48 1.95527992e+01 5.66039979e-01 1.75716991e+01 6.79629993e+00 4.47374010e+00 2.12907009e+01 1.98562002e+00 8.52777023e+01 4.41158009e+00
49 1.95872002e+01 5.15100002e-01 1.87168999e+01 6.29430008e+00 4.02721977e+00 2.27308006e+01 2.51451993e+00 8.85674973e+01 4.14542007e+00
50 1.96527004e+01 4.66039985e-01 1.95107994e+01 5.76320982e+00 3.86894989e+00 2.40627003e+01 3.14763999e+00 7.81532974e+01 3.81226993e+00
51 2.00755005e+01 5.24327993e+00 1.97765999e+01 4.18579996e-01 4.30389023e+00 2.60177994e+01 3.44952011e+00 7.01645966e+01 3.38880992e+00
52 2.04608002e+01 4.74224997e+00 2.00335999e+01 3.70409995e-01 5.38664007e+00 2.73458004e+01 3.33079004e+00 6.50572968e+01 2.78462005e+00
53 2.07492008e+01 4.27090979e+00 2.05639992e+01 3.19599986e-01 6.86157990e+00 2.73185997e+01 2.97588992e+00 6.15374985e+01 1.84739006e+00
54 2.16679001e+01 2.64219999e-01 2.10084991e+01 3.83525991e+00 8.43381977e+00 2.62297001e+01 2.62264991e+00 5.84830017e+01 2.66350001e-01
55 2.23162994e+01 2.30920002e-01 2.11791992e+01 3.49464011e+00 1.07382002e+01 2.51863995e+01 1.46162999e+00 2.32828995e+02 -7.07090020e-01
56 2.77488995e+01 1.51519999e-01 2.13777008e+01 3.09817004e+00 1.10400000e+01 2.06774006e+01 2.68185997e+00 1.78819000e+02 -6.85854006e+00
57 3.32108994e+01 1.10399999e-01 2.17180996e+01 2.83641005e+00 1.16222000e+01 1.93885994e+01 3.17238998e+00 1.44438004e+02 -1.27404003e+01
58 2.94099998e+01 1.23350002e-01 2.22427998e+01 2.74836993e+00 1.19818001e+01 1.83794003e+01 3.19259000e+00 1.39602997e+02 -8.84560013e+00
59 2.29220009e+01 2.78604007e+00 2.22518005e+01 1.80150002e-01 1.22269001e+01 1.76662998e+01 2.72430992e+00 1.60914993e+02 -1.13929999e+00
60 2.34069004e+01 2.71586990e+00 1.97073002e+01 2.09500000e-01 1.25016003e+01 1.69122009e+01 2.72849989e+00 1.56556000e+02 1.64038002e+00
61 2.38479996e+01 2.65745997e+00 1.75534992e+01 2.47799993e-01 1.27323999e+01 1.62462997e+01 2.72974992e+00 1.52682007e+02 4.12018013e+00
62 2.42241993e+01 2.60993004e+00 1.59132004e+01 2.94750005e-01 1.29238005e+01 1.56554003e+01 2.72835994e+00 1.49220993e+02 6.19355011e+00
63 2.45147991e+01 2.57255006e+00 1.48057899e+01 3.49299997e-01 1.30798998e+01 1.51280003e+01 2.72477007e+00 1.46102997e+02 7.85730982e+00
64 2.44004002e+01 2.47491002e+00 1.40307999e+01 4.02300000e-01 1.31753998e+01 1.44670000e+01 3.24471998e+00 1.19738037e+02 9.12487984e+00
65 2.43736000e+01 2.46637011e+00 1.38648996e+01 4.75169986e-01 1.32510004e+01 1.40424004e+01 3.24434996e+00 1.17445999e+02 1.02419996e+01
66 2.46193008e+01 2.52207994e+00 1.42735004e+01 5.45560002e-01 1.33566999e+01 1.38486996e+01 2.70316005e+00 1.38384995e+02 1.10290003e+01
67 2.43162003e+01 2.52724004e+00 1.49012003e+01 6.15719974e-01 1.33894997e+01 1.35040998e+01 2.69308996e+00 1.36246002e+02 1.16816998e+01
68 2.38201008e+01 2.54418993e+00 1.58795996e+01 6.84449971e-01 1.33937998e+01 1.31932001e+01 2.68190002e+00 1.34281998e+02 1.22061996e+01
69 2.31385994e+01 2.57319999e+00 1.71707001e+01 7.49480009e-01 1.33703003e+01 1.29125996e+01 2.66981006e+00 1.32468002e+02 1.26322002e+01
70 2.23027992e+01 2.61392999e+00 1.87201996e+01 8.08679998e-01 1.33199997e+01 1.26590004e+01 2.65701008e+00 1.30783005e+02 1.29818001e+01
71 2.11865997e+01 8.86539996e-01 2.01760006e+01 2.68610001e+00 1.30531998e+01 1.22746000e+01 3.21190000e+00 1.07127998e+02 1.33488998e+01
72 2.46725006e+01 9.73999977e-01 1.72294998e+01 2.89037991e+00 1.28069000e+01 1.22896996e+01 3.55970001e+00 9.34381027e+01 1.37048998e+01
73 2.81756992e+01 1.04033995e+00 1.44287996e+01 3.20783997e+00 1.26412001e+01 1.25053997e+01 3.74435997e+00 8.50183029e+01 1.39823999e+01
74 3.10935001e+01 1.07885003e+00 1.25272999e+01 1.28331003e+01 1.23768997e+01 3.63298011e+00 3.79137993e+00 7.97647018e+01 1.41842003e+01
75 3.32961006e+01 1.09315002e+00 1.23497000e+01 1.32559004e+01 1.12819004e+01 4.16735983e+00 3.72367001e+00 7.66561966e+01 1.43239002e+01
76 3.48666992e+01 1.08840001e+00 1.19524002e+01 1.38042002e+01 1.11850996e+01 4.79179001e+00 3.56435990e+00 7.51399002e+01 1.44097004e+01
77 3.59454002e+01 1.06923997e+00 1.19980001e+01 5.43443012e+00 1.12501001e+01 1.44982996e+01 3.34312010e+00 7.47918015e+01 1.44448996e+01
78 3.68101997e+01 1.04421997e+00 1.30747004e+01 6.07340002e+00 1.13323002e+01 1.57018003e+01 2.31420994e+00 7.38375015e+01 1.44525995e+01
79 3.73027000e+01 1.00810003e+00 1.49306002e+01 6.52549982e+00 1.03424997e+01 1.65100002e+01 2.01229000e+00 7.69116974e+01 1.43992004e+01
80 3.75186005e+01 9.64550018e-01 1.70352993e+01 6.65785980e+00 8.51121044e+00 1.68437996e+01 2.63339996e+00 7.67228012e+01 1.42910995e+01
81 3.76946983e+01 9.22630012e-01 1.97194996e+01 6.78247976e+00 6.38290024e+00 1.92434998e+01 3.00959992e+00 8.59266968e+01 1.41800003e+01
82 3.77383003e+01 8.77550006e-01 2.13393993e+01 6.58964014e+00 5.17527008e+00 2.12437000e+01 3.71603990e+00 7.88094025e+01 1.40202999e+01
83 3.77142982e+01 8.32220018e-01 2.24542007e+01 6.27051020e+00 4.84548998e+00 2.44692993e+01 4.14815998e+00 7.21557999e+01 1.38301001e+01
84 3.76296997e+01 7.86400020e-01 2.31322994e+01 5.86643982e+00 5.59203005e+00 2.78677998e+01 4.04218006e+00 6.81616974e+01 1.35991001e+01
85 3.74971008e+01 7.40119994e-01 2.35634995e+01 5.42693996e+00 7.15953016e+00 2.98349991e+01 3.45923996e+00 6.63563995e+01 1.33183002e+01
86 3.73307991e+01 6.93539977e-01 2.38932991e+01 4.98695993e+00 9.02221966e+00 3.00338001e+01 2.77348995e+00 6.55799026e+01 1.29796000e+01
87 3.71902008e+01 6.53029978e-01 2.41306000e+01 4.61304998e+00 1.15025997e+01 2.92597008e+01 1.47979999e+00 2.57964996e+02 1.26868000e+01
88 3.69819984e+01 6.03940010e-01 2.42495003e+01 4.17856979e+00 1.18718996e+01 2.43782005e+01 2.72428012e+00 2.00024002e+02 1.21641998e+01
89 3.68704987e+01 5.64580023e-01 2.47131004e+01 3.88775992e+00 1.23888998e+01 2.31506004e+01 3.26501012e+00 1.61725998e+02 1.17483997e+01
90 3.67753983e+01 5.25099993e-01 2.52506008e+01 3.61658001e+00 1.30681000e+01 2.23409996e+01 3.63790989e+00 1.39164001e+02 1.12496996e+01
91 3.71456985e+01 5.20200014e-01 2.52998009e+01 3.66300011e+00 1.37846003e+01 2.06539001e+01 3.29610991e+00 1.50973007e+02 1.14561005e+01
92 3.72807999e+01 5.02390027e-01 2.56562996e+01 3.58561993e+00 1.43500996e+01 1.96341991e+01 3.30732012e+00 1.46632996e+02 1.13864002e+01
