1 0
2 0
3 4.6e-20
4 4e-21
5 0
6 1.4e-21
7 0
8 0
9 0
10 2.91703e-19
11 6.36e-20
12 1.73e-20
13 7.5e-21
14 4.6e-21
15 0
16 0
17 0
18 9.54347e-20
19 1.024e-19
20 2.195e-20
21 7.1e-21
22 4.9e-21
23 5.5e-21
24 2.4e-21
25 3.68686e-21
26 4.2e-21
27 2.94549e-21
28 3.4e-21
29 5.3e-21
30 1.09e-20
31 4.66751e-21
32 5.7e-21
33 5.55037e-21
34 5.04463e-20
35 0
36 7.41952e-20
37 1.26e-19
38 3.62e-20
39 8.2e-21
40 5.4e-21
41 4.3e-21
42 2.1e-21
43 0
44 9.9218e-22
45 1.4646e-21
46 4.3e-21
47 7e-21
48 6.65289e-21
49 2.41218e-20
50 1.08e-20
51 6.02792e-21
52 1.08598e-20
53 0
54 5.99109e-20
55 1.677e-19
56 2.93e-20
57 1.77e-20
58 0
59 0
60 0
61 0
62 0
63 0
64 5.18691e-21
65 9.7e-21
66 4.55913e-21
67 8e-21
68 0
69 0
70 1.2977e-20
71 4.23428e-21
72 2.90168e-21
73 3.1e-21
74 1.5e-21
75 9.94254e-22
76 7.34594e-22
77 1.00684e-21
78 3.6e-21
79 5.9e-21
80 3.10817e-20
81 2.56e-20
82 2.03e-20
83 1.09257e-20
84 0
85 0
86 3.54319e-20
87 0
88 0
89 0
90 7e-21
91 0
92 3.20196e-21
