5

0.413048 15.569946 0.294953 32.398468 0.187491 5.711404 0.080701 61.889874 0.023736 1.334118 0.000049
0.732354 11.553918 0.753896 4.595831 0.283819 1.546299 0.190003 26.463964 0.039139 0.377523 0.000487
0.974637 4.334946 0.158472 0.342451 0.811855 97.102966 0.262416 201.363831 0.790108 1.409234 0.002542
1.533712 42.662079 0.638283 0.595420 0.601052 99.106499 0.106139 0.151340 1.118414 1.843093 0.002511
2.085185 23.494068 1.064580 1.137894 1.062788 61.238976 0.140515 0.114886 0.641784 0.399036 0.003823
2.657506 14.780758 1.078079 0.776775 1.490909 42.086842 -4.241070 -0.000294 0.713791 0.239535 4.297983
11.893780 0.000158 3.277479 10.232723 1.858092 30.344690 0.858927 0.656065 0.912985 0.217287 -11.804902
2.960427 14.182259 2.508818 5.936858 0.637853 0.112726 0.722838 34.958481 1.142756 0.390240 0.027014
3.511943 10.687859 2.772244 4.380466 0.678385 0.093982 0.915159 27.255203 1.089261 0.313066 0.032557
4.183749 8.175457 2.905726 3.252536 0.520513 0.063295 1.135641 21.813910 1.228065 0.224952 0.025576
4.910127 3.281434 3.081783 9.119178 1.262067 0.102763 1.098938 132.013947 0.560991 0.405878 0.079712
4.708971 4.875207 1.194814 108.506081 1.558157 0.111516 1.170413 48.292408 3.239403 1.928171 0.126842
4.730796 3.628931 2.313951 43.051167 1.541980 0.095960 1.117564 108.932388 3.154754 1.555918 0.139509
5.275329 2.631338 3.191038 33.730728 1.511514 0.081119 1.356849 86.288643 2.519114 1.170087 0.145073
1.950541 0.908139 4.146930 27.044952 1.494560 0.071280 1.522042 67.520187 5.729711 1.981173 0.155233
6.372157 1.514347 5.154568 22.092527 1.473732 0.061373 1.635073 55.445175 1.209372 0.646925 0.154722
1.446071 0.052357 6.870609 1.193165 6.151801 18.343416 1.750347 46.398396 0.634168 0.401005 0.146773
7.188004 0.956221 6.638454 15.339877 0.454180 15.339862 1.929593 39.043823 1.523654 0.062409 0.265954
8.163991 12.816323 7.146945 0.808945 1.070140 210.327011 0.877316 39.597652 1.486434 0.052821 0.253614
8.593655 10.460644 1.477324 0.041891 1.436254 81.390381 1.182839 169.847839 7.113258 0.688098 0.196255
1.476566 53.131023 1.487278 0.035325 1.600187 137.319489 9.177463 9.098031 7.099750 0.602102 0.157765
9.818524 8.001879 1.522646 0.029763 1.703101 39.885422 1.768774 120.157997 7.082555 0.532405 0.102473
10.473575 7.081940 1.547881 0.026040 1.986381 31.909672 1.865616 108.022842 7.056250 0.474882 0.067744
11.007069 6.366281 1.555477 0.023987 2.985293 23.244839 1.347855 105.774498 7.034779 0.429369 0.065510
11.709542 5.597120 1.733414 0.017800 2.673141 21.788420 2.023368 89.517914 7.003180 0.383054 -0.147293
12.311098 5.009415 1.876623 0.014461 3.066177 18.743040 2.070451 82.767876 6.975185 0.346506 -0.304931
12.914510 4.507138 2.481908 0.009126 3.466894 16.438129 2.106351 76.987320 6.960892 0.314418 -0.936572
13.521865 4.077277 6.947285 0.286763 3.866028 14.622634 2.135900 71.966080 4.284731 0.004437 -2.762697
14.014192 3.738280 4.784577 0.003744 5.056806 13.034982 1.457971 72.554794 6.932996 0.265666 -3.254477
14.741002 3.388232 6.907748 0.243315 4.642337 11.903689 2.191766 63.312130 38.424042 0.000397 -36.915829
15.758946 3.121754 6.841123 0.226057 4.121016 12.482196 2.714681 66.203621 2.395246 0.007238 -0.847395
16.540613 2.866618 1.567900 0.012198 3.727829 13.432163 3.345098 58.866047 6.785079 0.210974 0.018726
17.025642 2.597739 4.503441 0.003012 3.715904 14.272119 3.937200 50.437996 6.790175 0.193015 -2.984117
17.354071 2.349787 4.653248 0.002550 4.259489 15.579460 4.136455 45.181202 6.749163 0.177432 -3.160982
17.550570 2.119226 5.411882 16.557184 3.937180 0.002481 3.880645 42.164009 6.707793 0.162121 -2.492088
17.655279 1.908231 6.848105 16.606236 4.171004 0.001598 3.446760 39.917473 6.685200 0.146896 -2.810592
8.123134 15.142385 2.138042 33.542667 6.761702 0.129372 1.156051 224.132507 17.679546 1.713368 1.139548
17.730219 1.563060 9.795867 14.310868 6.099763 0.120574 2.620025 135.771317 0.600053 0.120574 1.140251
17.792040 1.429691 10.253252 13.132816 5.714949 0.112173 3.170516 108.197029 0.918251 0.112173 1.131787
17.859772 1.310692 10.911038 12.319285 5.821115 0.104353 3.512513 91.777542 0.746965 0.104353 1.124859
17.958399 1.211590 12.063054 12.246687 5.007015 0.098615 3.287667 75.011948 1.531019 0.098615 1.123452
6.236218 0.090780 17.987711 1.108310 12.973127 11.468720 3.451426 66.684151 0.210899 0.090780 1.108770
17.840963 1.005729 3.428236 41.901382 1.373012 119.320541 12.947364 9.781542 6.335469 0.083391 1.074784
6.271624 0.077040 17.906738 0.928222 14.123269 9.555345 3.746008 35.860680 0.908235 123.552246 1.043992
6.216648 0.070789 17.919739 0.856121 3.854252 33.889484 0.840326 121.686691 15.173498 9.029517 0.995452
6.121511 0.062549 4.784063 0.784031 16.631683 8.751391 4.318258 34.489983 13.246773 0.784031 0.883099
6.073874 0.055333 17.155437 7.896512 4.173344 28.443739 0.852238 110.376106 17.988686 0.716809 0.756603
6.080986 0.048990 18.019468 7.273646 4.018197 29.119284 1.303510 95.831207 17.974669 0.661231 0.603504
6.196477 0.042072 18.816183 6.695665 4.050479 31.009790 1.638929 103.284348 17.962912 0.610714 0.333097
19.325171 6.118104 6.281571 0.036915 4.498866 32.529045 1.856934 95.037186 17.917318 0.565651 0.119024
5.394956 33.326523 6.549570 0.030974 19.650681 5.564929 1.827820 87.130966 17.867832 0.523992 -0.290506
6.660302 33.031654 6.940756 0.025750 19.847015 5.065547 1.557175 84.101616 17.802427 0.487660 -0.806668
19.884502 4.628591 6.736593 0.027754 8.110516 31.849096 1.170953 84.406387 17.548716 0.463550 -0.448811
19.978920 4.143356 11.774945 0.010142 9.332182 28.796200 1.244749 75.280685 17.737501 0.413616 -6.065902
17.418674 0.399828 8.314444 0.016872 10.323193 25.605827 1.383834 233.339676 19.876251 3.826915 -2.322802
19.747343 3.481823 17.368477 0.371224 10.465718 21.226641 2.592602 173.834274 11.003653 0.010719 -5.183497
19.966019 3.197408 27.329655 0.003446 11.018425 19.955492 3.086696 141.381973 17.335455 0.341817 -21.745489
17.355122 0.328369 43.988499 0.002047 20.546650 3.088196 3.130670 134.907654 11.353665 18.832960 -38.386017
21.551311 2.995675 17.161730 0.312491 11.903859 17.716705 2.679103 152.192825 9.564197 0.010468 -3.871068
17.331244 0.300269 62.783924 0.001320 12.160097 17.026001 2.663483 148.748993 22.239950 2.910268 -57.189842
17.286388 0.286620 51.560162 0.001550 12.478557 16.223755 2.675515 143.984512 22.960947 2.796480 -45.973682
23.700363 2.689539 23.072214 0.003491 12.777782 15.495437 2.684217 139.862473 17.204367 0.274536 -17.452166
17.186195 0.261678 37.156837 0.001995 13.103387 14.787360 2.707246 134.816299 24.419271 2.581883 -31.586687
24.898117 2.435028 17.104952 0.246961 13.222581 13.996325 3.266152 110.863091 48.995213 0.001383 -43.505684
25.910013 2.373912 32.344139 0.002034 13.765117 13.481969 2.751404 125.836510 17.064405 0.236916 -26.851971
26.671785 2.282593 88.687576 0.000665 14.065445 12.920230 2.768497 121.937187 17.067781 0.225531 -83.279831
27.150190 2.169660 16.999819 0.215414 14.059334 12.213148 3.386979 100.506783 46.546471 0.001211 -41.165253
28.174887 2.120995 82.493271 0.000640 14.624002 11.915256 2.802756 114.529938 17.018515 0.207519 -77.135223
28.925894 2.046203 76.173798 0.000656 14.904704 11.465375 2.814812 111.411980 16.998117 0.199376 -70.839813
29.676760 1.977630 65.624069 0.000720 15.160854 11.044622 2.830288 108.139153 16.997850 0.192110 -60.313812
30.122866 1.883090 15.099346 10.342764 56.314899 0.000780 3.540980 89.559250 16.943729 0.183849 -51.049416
30.617033 1.795613 15.145351 9.934469 54.933548 0.000739 4.096253 76.189705 16.896156 0.175914 -49.719837
31.066359 1.708732 15.341823 9.618455 49.278297 0.000760 4.577665 66.346199 16.828321 0.168002 -44.119026
31.507900 1.629485 15.682498 9.446448 37.960129 0.000898 4.885509 59.980675 16.792112 0.160798 -32.864574
31.888456 1.549238 16.117104 9.233474 42.390297 0.000689 5.211669 54.516373 16.767591 0.152815 -37.412682
32.210297 1.473531 16.678440 9.049695 48.559906 0.000519 5.455839 50.210201 16.735533 0.145771 -43.677956
32.004436 1.353767 1.975454 81.014175 17.070105 0.128093 15.939454 7.661196 5.990003 26.659403 4.018893
31.273891 1.316992 18.445440 8.797154 17.063745 0.124741 5.555933 40.177994 1.575270 1.316997 4.050394
16.777390 0.122737 19.317156 8.621570 32.979683 1.256902 5.595453 38.008820 10.576854 0.000601 -6.279078
16.839890 0.115905 20.023823 8.256927 28.428564 1.195250 5.881564 39.247227 4.714706 1.195250 4.076478
16.630795 0.110704 19.386616 7.181401 32.808571 1.119730 1.747191 90.660263 6.356862 26.014978 4.066939
16.419567 0.105499 32.738590 1.055049 6.530247 25.025890 2.342742 80.906593 19.916475 6.664449 4.049824
16.282274 0.101180 32.725136 1.002287 6.678302 25.714146 2.694750 77.057549 20.576559 6.291882 4.040914
16.289164 0.098121 32.807171 0.966265 21.095163 6.046622 2.505901 76.598068 7.254589 28.096128 4.046556
16.011461 0.092639 32.615547 0.904416 8.113899 26.543257 2.884082 68.372963 21.377867 5.499512 3.995684
16.070229 0.090437 32.641106 0.876409 21.489658 5.239687 2.299218 69.188477 9.480184 27.632641 4.020977
16.007385 0.087031 32.663830 0.840187 21.594351 4.954467 1.598497 199.805801 11.121192 26.905106 4.003472
32.563690 0.801980 21.396671 4.590666 11.298093 22.758972 2.834688 160.404388 15.914965 0.083544 3.981773
15.914053 0.080511 32.535042 0.770669 21.553976 4.352206 11.433394 21.381622 3.612409 130.500748 3.939212
15.784024 0.077067 32.454899 0.735137 21.849222 4.097976 4.239077 109.464111 11.736191 20.512138 3.922533
32.740208 0.709545 21.973675 4.050881 12.957398 19.231543 3.683832 117.255005 15.744058 0.074040 3.886066
15.679275 0.071206 32.824306 0.681177 13.660459 18.236156 3.687261 112.500038 22.279434 3.930325 3.854444
