32.0 1.2224963580671868 2.0
32.002002002002 1.4662637093234578 1.0
32.004004004004 1.8075211248026477 4.0
32.006006006006004 2.252569031439847 3.0
32.008008008008005 2.8017480841275058 3.0
32.010010010010014 3.44898818050952 2.0
32.012012012012015 4.18335409325621 3.0
32.014014014014016 4.989591600795082 3.0
32.01601601601602 5.848700577465408 7.0
32.01801801801802 6.738742601007304 13.0
32.02002002002002 7.6358716821509205 8.0
32.02202202202202 8.515549642324615 5.0
32.02402402402402 9.35389605520015 12.0
32.026026026026024 10.129112955034 8.0
32.028028028028025 10.822917282173545 14.0
32.030030030030034 11.421909714408178 11.0
32.032032032032035 11.91880747929546 9.0
32.034034034034036 12.313471117724196 14.0
32.03603603603604 12.613661008242342 16.0
32.03803803803804 12.835468685154295 16.0
32.04004004004004 13.00338021740434 9.0
32.04204204204204 13.149943740776301 12.0
32.04404404404404 13.31503003967722 13.0
32.046046046046044 13.544693221172066 16.0
32.048048048048045 13.88965712173246 14.0
32.050050050050054 14.403471353361727 11.0
32.052052052052055 15.140397996114741 11.0
32.054054054054056 16.15310496749981 17.0
32.05605605605606 17.490254367433774 18.0
32.05805805805806 19.194082949966017 23.0
32.06006006006006 21.29807671354795 16.0
32.06206206206206 23.824842137356292 30.0
32.06406406406406 26.784272682553162 34.0
32.066066066066064 30.17210077187535 22.0
32.068068068068065 33.968912844641935 37.0
32.070070070070074 38.139688695976076 40.0
32.072072072072075 42.63390677757112 46.0
32.074074074074076 47.386235143858315 50.0
32.07607607607608 52.31780425862835 57.0
32.07807807807808 57.33803402154241 55.0
32.08008008008008 62.346963953206675 54.0
32.08208208208208 67.23801362348968 73.0
32.08408408408408 71.90108123173776 70.0
32.086086086086084 76.22587247010121 85.0
32.088088088088085 80.10534036237178 87.0
32.090090090090094 83.43911001936179 89.0
32.092092092092095 86.13676075105802 67.0
32.094094094094096 88.12084195996322 74.0
32.0960960960961 89.32950833782179 84.0
32.0980980980981 89.71867395714293 72.0
32.1001001001001 89.26360347879182 82.0
32.1021021021021 87.9598807043318 72.0
32.1041041041041 85.82371960352485 86.0
32.106106106106104 82.89160941701208 79.0
32.108108108108105 79.21931231513398 84.0
32.110110110110114 74.88025827616705 71.0
32.112112112112115 69.9634060761831 73.0
32.114114114114116 64.57066045523031 58.0
32.11611611611612 58.81395269993372 65.0
32.11811811811812 52.81210417253207 32.0
32.12012012012012 46.6875992052943 39.0
32.12212212212212 40.5633947586483 34.0
32.12412412412412 34.55988951167977 32.0
32.126126126126124 28.792164609692385 25.0
32.128128128128125 23.36759247094699 30.0
32.130130130130134 18.383889945933614 21.0
32.132132132132135 13.927668437914242 11.0
32.134134134134136 10.073507447645612 6.0
32.13613613613614 6.883550780416008 8.0
32.13813813813814 4.407597709668355 7.0
32.14014014014014 2.683635980750661 2.0
32.14214214214214 1.7387410549777562 0.0
32.14414414414414 1.5902476322009182 3.0
32.146146146146144 2.2470862337147457 1.0
32.148148148148145 3.711170272761696 2.0
32.150150150150154 5.978718101780009 9.0
32.152152152152155 9.041400200232864 7.0
32.154154154154156 12.887213821619941 8.0
32.15615615615616 17.501005593854845 12.0
32.15815815815816 22.864585979263477 14.0
32.16016016016016 28.95640711605635 32.0
32.16216216216216 35.750806017977744 38.0
32.16416416416416 43.21684690397071 39.0
32.166166166166164 51.31682798356766 47.0
32.168168168168165 60.004547571432305 59.0
32.170170170170174 69.22345031256346 59.0
32.172172172172175 78.90479508461901 78.0
32.174174174174176 88.96600033887596 84.0
32.17617617617618 99.30932917791016 114.0
32.17817817817818 109.82107464855758 95.0
32.18018018018018 120.3713951098233 117.0
32.18218218218218 130.81492993371694 124.0
32.18418418418418 140.99229792057184 139.0
32.186186186186184 150.73254547133132 163.0
32.188188188188185 159.85656971715628 153.0
32.190190190190194 168.1814955191331 190.0
32.192192192192195 175.52593598925756 181.0
32.194194194194196 181.71601639122875 180.0
32.1961961961962 186.591993246061 189.0
32.1981981981982 190.01525613735615 185.0
32.2002002002002 191.8754617610194 185.0
32.2022022022022 192.09752020135116 205.0
32.2042042042042 190.64813380034443 204.0
32.206206206206204 187.54158103082176 170.0
32.208208208208205 182.84444255710446 191.0
32.210210210210214 176.678984457718 167.0
32.212212212212215 169.22494456979283 176.0
32.214214214214216 160.71951153355093 162.0
32.21621621621622 151.45534105182182 152.0
32.21821821821822 141.7765187060462 135.0
32.22022022022022 132.07245096276412 129.0
32.22222222222222 122.76974340588868 130.0
32.22422422422422 114.32220480037164 110.0
32.226226226226224 107.19919408992632 99.0
32.228228228228225 101.87260183999781 86.0
32.230230230230234 98.80282471507817 97.0
32.232232232232235 98.42414834443551 103.0
32.234234234234236 101.12999775653152 90.0
32.23623623623624 107.25854313698044 115.0
32.23823823823824 117.07916023473156 114.0
32.24024024024024 130.78023833242355 111.0
32.24224224224224 148.4588038563731 164.0
32.24424424424424 170.11238456866815 189.0
32.246246246246244 195.63347908753587 190.0
32.248248248248245 224.80692097355103 232.0
32.250250250250254 257.310338009605 256.0
32.252252252252255 292.7178088024439 291.0
32.254254254254256 330.5067138399375 327.0
32.25625625625626 370.0676702325255 360.0
32.25825825825826 410.7173328793337 403.0
32.26026026026026 451.7137434831763 445.0
32.26226226226226 492.2738166191654 481.0
32.26426426426426 531.5924726687878 556.0
32.266266266266264 568.862863969097 517.0
32.268268268268265 603.2970954607114 629.0
32.270270270270274 634.1468165057443 609.0
32.272272272272275 660.7230574388861 684.0
32.274274274274276 682.4147033720444 683.0
32.27627627627628 698.705037908413 716.0
32.27827827827828 709.1858494578748 664.0
32.28028028028028 713.5686711058903 688.0
32.28228228228228 711.6928182670746 721.0
32.28428428428428 703.5299926258921 670.0
32.286286286286284 689.1853337444792 684.0
32.288288288288285 668.894915973233 640.0
32.290290290290294 643.0198030944945 645.0
32.292292292292295 612.0368836134949 630.0
32.294294294294296 576.5268106814976 561.0
32.2962962962963 537.1594585077647 540.0
32.2982982982983 494.67737916488454 475.0
32.3003003003003 449.877796744026 432.0
32.3023023023023 403.59370875094226 401.0
32.3043043043043 356.67467570690656 336.0
32.306306306306304 309.96786933648133 353.0
32.308308308308305 264.29991894487284 253.0
32.310310310310314 220.46004524753832 217.0
32.312312312312315 179.18490378036668 163.0
32.314314314314316 141.1454795054956 157.0
32.31631631631632 106.93628381708913 102.0
32.31831831831832 77.06700876032254 83.0
32.32032032032032 51.956695135930346 35.0
32.32232232232232 31.93037575210509 38.0
32.32432432432432 17.218066382824926 19.0
32.326326326326324 7.955898754937465 7.0
32.328328328328325 4.1891253430624005 7.0
32.330330330330334 5.876677430451899 3.0
32.332332332332335 12.896927682758198 13.0
32.334334334334336 25.05429718742142 22.0
32.33633633633634 42.08635455211271 38.0
32.33833833833834 63.67108033020032 70.0
32.34034034034034 89.43401198604201 108.0
32.34234234234234 118.95504021271293 121.0
32.34434434434434 151.77469340181983 173.0
32.346346346346344 187.399819753702 191.0
32.348348348348345 225.30865169778838 223.0
32.350350350350354 264.9553107000835 252.0
32.352352352352355 305.7738780132071 322.0
32.354354354354356 347.18221442045007 337.0
32.35635635635636 388.5857561520619 419.0
32.35835835835836 429.3815419257149 419.0
32.36036036036036 468.96273539496855 469.0
32.36236236236236 506.72389707362686 550.0
32.36436436436436 542.067229692044 516.0
32.366366366366364 574.4099719775411 608.0
32.368368368368365 603.193049620865 597.0
32.370370370370374 627.8910114574502 634.0
32.372372372372375 648.0231875547263 645.0
32.374374374374376 663.1659077880977 668.0
32.37637637637638 672.9655198741302 652.0
32.37837837837838 677.1518496426189 667.0
32.38038038038038 675.5516586968693 634.0
32.38238238238238 668.1015807579957 697.0
32.38438438438438 654.8599623913843 653.0
32.386386386386384 636.0170006374386 609.0
32.388388388388385 611.9025624744012 623.0
32.390390390390394 582.9910911486363 590.0
32.392392392392395 549.9030532570566 551.0
32.394394394394396 513.4024578873941 513.0
32.3963963963964 474.39008375301665 486.0
32.3983983983984 433.8921790475489 440.0
32.4004004004004 393.0445480234524 406.0
32.4024024024024 353.07210297060124 360.0
32.4044044044044 315.26413428503696 314.0
32.406406406406404 280.9457281569449 294.0
32.408408408408405 251.44593394468666 232.0
32.410410410410414 228.06344427025402 233.0
32.412412412412415 212.0306931616616 215.0
32.414414414414416 204.47739456500756 184.0
32.41641641641642 206.39462921856415 222.0
32.41841841841842 218.60063723741283 234.0
32.42042042042042 241.70948337829628 255.0
32.42242242242242 276.10372934465045 281.0
32.42442442442442 321.91217209127245 310.0
32.426426426426424 378.99359011657486 397.0
32.428428428428425 446.92728389187937 428.0
32.430430430430434 525.0110061163119 558.0
32.432432432432435 612.2666585441715 609.0
32.434434434434436 707.4538919146538 767.0
32.43643643643644 809.0914921404326 803.0
32.43843843843844 915.4861784360085 910.0
32.44044044044044 1024.7681870325534 1016.0
32.44244244244244 1134.9327767094744 1191.0
32.44444444444444 1243.8865786230992 1273.0
32.446446446446444 1349.4975313830475 1414.0
32.448448448448445 1449.646999751595 1489.0
32.450450450450454 1542.2825780127177 1524.0
32.452452452452455 1625.470031020892 1567.0
32.454454454454456 1697.4428295528178 1682.0
32.45645645645646 1756.647792506707 1767.0
32.45845845845846 1801.7854551370822 1807.0
32.46046046046046 1831.843937132637 1856.0
32.46246246246246 1846.1252811526886 1876.0
32.46446446446446 1844.2634650212322 1756.0
32.466466466466464 1826.2335514102276 1828.0
32.468468468468465 1792.3517183184242 1841.0
32.470470470470474 1743.266201785155 1668.0
32.472472472472475 1679.9394693178792 1741.0
32.474474474474476 1603.6222181932026 1625.0
32.47647647647648 1515.8200471539826 1464.0
32.47847847847848 1418.2538741511642 1407.0
32.48048048048048 1312.8153586608878 1336.0
32.48248248248248 1201.51872825608 1173.0
32.48448448448448 1086.4505005220217 1101.0
32.486486486486484 969.7186301697204 969.0
32.488488488488485 853.4025962598722 885.0
32.490490490490494 739.5058767699055 724.0
32.492492492492495 629.9121404347161 613.0
32.4944944944945 526.346323714363 530.0
32.4964964964965 430.3415608840441 422.0
32.4984984984985 343.212705466473 324.0
32.5005005005005 266.0369308262401 291.0
32.5025025025025 199.6416370525235 223.0
32.5045045045045 144.59963053010753 156.0
32.506506506506504 101.23129198492899 118.0
32.508508508508505 69.6132183577401 80.0
32.510510510510514 49.59262219162755 50.0
32.512512512512515 40.806606953314514 39.0
32.51451451451452 42.70531369212304 45.0
32.51651651651652 54.5778576326085 58.0
32.51851851851852 75.57994467362887 75.0
32.52052052052052 104.76207717872929 99.0
32.52252252252252 141.0973236068175 147.0
32.52452452452452 183.5077332217156 188.0
32.526526526526524 230.88861935738367 234.0
32.528528528528525 282.1301049707609 321.0
32.530530530530534 336.1355138455996 351.0
32.532532532532535 391.83639034027726 386.0
32.53453453453454 448.2041302883474 468.0
32.53653653653654 504.2583959109841 487.0
32.53853853853854 559.072659082327 585.0
32.54054054054054 611.7773620148574 632.0
32.54254254254254 661.5612954088232 665.0
32.54454454454454 707.67186597847 675.0
32.546546546546544 749.4149548980497 695.0
32.548548548548546 786.1550544001186 798.0
32.550550550550554 817.3163125786555 810.0
32.552552552552555 842.385019201282 845.0
32.55455455455456 860.9139326423938 867.0
32.55655655655656 872.5286867301219 869.0
32.55855855855856 876.9363345085859 855.0
32.56056056056056 873.9358927482236 859.0
32.56256256256256 863.4305566126699 848.0
32.56456456456456 845.4410683835897 846.0
32.566566566566564 820.1195577927878 864.0
32.568568568568566 787.7630336265578 783.0
32.570570570570574 748.825605162802 752.0
32.572572572572575 703.9284547056964 745.0
32.57457457457458 653.8665737464885 674.0
32.57657657657658 599.6113181830804 610.0
32.57857857857858 542.3079329739736 504.0
32.58058058058058 483.2673417414768 469.0
32.58258258258258 423.9516883216238 441.0
32.58458458458458 365.9533481282504 347.0
32.586586586586584 310.9673891009192 286.0
32.588588588588586 260.75774489793736 263.0
32.590590590590594 217.11765502257555 234.0
32.592592592592595 181.82521521104533 190.0
32.5945945945946 156.59515386486495 167.0
32.5965965965966 143.0281937783671 131.0
32.5985985985986 142.55956089060115 130.0
32.6006006006006 156.4083525489422 138.0
32.6026026026026 185.52956781571962 188.0
32.6046046046046 230.5706249557207 247.0
32.606606606606604 291.83414225991754 274.0
32.608608608608606 369.24863660476205 380.0
32.610610610610614 462.3486013551133 482.0
32.612612612612615 570.2651662274159 622.0
32.61461461461462 691.7282243308986 680.0
32.61661661661662 825.0805462737031 877.0
32.61861861861862 968.304000658452 968.0
32.62062062062062 1119.0575792351976 1098.0
32.62262262262262 1274.7264991655593 1224.0
32.62462462462462 1432.4812407748068 1389.0
32.626626626626624 1589.3449932818469 1625.0
32.628628628628626 1742.2676388001296 1741.0
32.630630630630634 1888.2041206871343 1828.0
32.632632632632635 2024.1948283267272 1993.0
32.63463463463464 2147.445496329509 2122.0
32.63663663663664 2255.404068780823 2304.0
32.63863863863864 2345.8320216688594 2308.0
32.64064064064064 2416.8677697751523 2487.0
32.64264264264264 2467.0800046598233 2480.0
32.64464464464464 2495.5091108284696 2477.0
32.646646646646644 2501.6951788696224 2433.0
32.648648648648646 2485.6915641277346 2614.0
32.650650650650654 2448.0634131383636 2474.0
32.652652652652655 2389.8710806194867 2367.0
32.65465465465466 2312.6388696457 2304.0
32.65665665665666 2218.3100283273416 2184.0
32.65865865865866 2109.1894091002673 2063.0
32.66066066066066 1987.875624589815 1878.0
32.66266266266266 1857.184900700343 1893.0
32.66466466466466 1720.0691178360116 1730.0
32.666666666666664 1579.530734853419 1614.0
32.668668668668666 1438.537398284126 1497.0
32.670670670670674 1299.9390462441997 1346.0
32.672672672672675 1166.390221996179 1217.0
32.67467467467468 1040.2801183499528 1022.0
32.67667667667668 923.6725876634446 919.0
32.67867867867868 818.2579840478418 846.0
32.68068068068068 725.3182674912761 693.0
32.68268268268268 645.7063108800832 671.0
32.68468468468468 579.8398289866185 628.0
32.686686686686684 527.7098135683012 497.0
32.688688688688686 488.90283174726653 471.0
32.690690690690694 462.63604625182984 441.0
32.692692692692695 447.8033654644648 431.0
32.6946946946947 443.03074615131396 433.0
32.6966966966967 446.73836711009693 454.0
32.6986986986987 457.20717941433423 463.0
32.7007007007007 472.6472262976837 491.0
32.7027027027027 491.2651167596398 496.0
32.7047047047047 511.32813139650045 509.0
32.706706706706704 531.2226320009058 524.0
32.708708708708706 549.5047294839786 569.0
32.710710710710714 564.9415257864534 563.0
32.712712712712715 576.5416690375034 594.0
32.71471471471472 583.5744296830503 601.0
32.71671671671672 585.5769992958893 628.0
32.71871871871872 582.3502125673504 556.0
32.72072072072072 573.9433762205826 582.0
32.72272272272272 560.6293361901943 581.0
32.72472472472472 542.8713080157132 498.0
32.726726726726724 521.2833187477868 535.0
32.728728728728726 496.5863483645173 524.0
32.730730730730734 469.56240484780295 497.0
32.732732732732735 441.0088136991238 422.0
32.73473473473474 411.69494789986277 431.0
32.73673673673674 382.3234704914668 397.0
32.73873873873874 353.49791574623254 348.0
32.74074074074074 325.69810708661726 321.0
32.74274274274274 299.26451447057 310.0
32.74474474474474 274.3922083627425 283.0
32.746746746746744 251.13459112537456 252.0
32.748748748748746 229.41660076113888 231.0
32.750750750750754 209.05660800214602 213.0
32.752752752752755 189.79578721269496 179.0
32.75475475475476 171.33335443806746 195.0
32.75675675675676 153.3657500803043 139.0
32.75875875875876 135.62761418823763 116.0
32.76076076076076 117.93227053759215 115.0
32.76276276276276 100.2094088686246 99.0
32.76476476476476 82.53773559470034 70.0
32.766766766766764 65.17055025532753 58.0
32.768768768768766 48.55249150046126 53.0
32.770770770770774 33.32607163100416 37.0
32.772772772772775 20.327068009440826 20.0
32.77477477477478 10.568344620895322 12.0
32.77677677677678 5.212216820102476 3.0
32.77877877877878 5.532023993581994 2.0
32.78078078078078 12.864114545347755 14.0
32.78278278278278 28.5519513371203 28.0
32.78478478478478 53.88449051817076 59.0
32.786786786786784 90.03135147363004 88.0
32.788788788788786 137.97756216634846 157.0
32.790790790790794 198.46081794818082 206.0
32.792792792792795 271.9142228783437 249.0
32.7947947947948 358.4173855213544 328.0
32.7967967967968 457.6585162935858 434.0
32.7987987987988 568.9098263787786 629.0
32.8008008008008 691.0180699396719 698.0
32.8028028028028 822.4115178797038 822.0
32.8048048048048 961.1240232299613 958.0
32.806806806806804 1104.8361593829459 1081.0
32.808808808808806 1250.9327096735622 1256.0
32.810810810810814 1396.5750887962172 1490.0
32.812812812812815 1538.7866118819165 1589.0
32.81481481481482 1674.5479237609375 1702.0
32.81681681681682 1800.8993851897262 1819.0
32.81881881881882 1915.0468077375865 1894.0
32.82082082082082 2014.4666534241442 1996.0
32.82282282282282 2097.006683089605 2068.0
32.82482482482482 2160.9780583508377 2068.0
32.826826826826824 2205.2350784973546 2095.0
32.828828828828826 2229.239062628828 2261.0
32.830830830830834 2233.103360664238 2309.0
32.832832832832835 2217.6170799161505 2144.0
32.83483483483484 2184.245827163667 2180.0
32.83683683683684 2135.1085658905163 2148.0
32.83883883883884 2072.930546318004 2137.0
32.84084084084084 2000.973151895095 2025.0
32.84284284284284 1922.9423875524378 1944.0
32.84484484484484 1842.8785784247134 1847.0
32.846846846846844 1765.0306208028264 1773.0
32.848848848848846 1693.7187983982176 1612.0
32.850850850850854 1633.1907182642476 1644.0
32.852852852852855 1587.4753073921877 1601.0
32.85485485485486 1560.2400242753774 1561.0
32.85685685685686 1554.6564665299493 1571.0
32.85885885885886 1573.2793894488973 1547.0
32.86086086086086 1617.9437922502098 1692.0
32.86286286286286 1689.684187709334 1663.0
32.86486486486486 1788.6794631004695 1775.0
32.866866866866864 1914.2258885765655 1905.0
32.868868868868866 2064.7398634386327 2042.0
32.870870870870874 2237.7909455552785 2205.0
32.872872872872875 2430.1646228379386 2417.0
32.87487487487488 2637.953199231559 2650.0
32.87687687687688 2856.6721221645325 2869.0
32.87887887887888 3081.3981137537235 3176.0
32.88088088088088 3306.9246218339345 3366.0
32.88288288288288 3527.9294118368875 3527.0
32.88488488488488 3739.1486036727356 3707.0
32.886886886886884 3935.551139991921 3960.0
32.888888888888886 4112.5075664919705 4075.0
32.890890890890894 4265.94711679052 4354.0
32.892892892892895 4392.497421838766 4434.0
32.8948948948949 4489.601696003642 4490.0
32.8968968968969 4555.6089722474235 4595.0
32.8988988988989 4589.833844085029 4630.0
32.9009009009009 4592.583192210783 4541.0
32.9029029029029 4565.148495242409 4660.0
32.9049049049049 4509.76350969459 4342.0
32.906906906906904 4429.528313590732 4409.0
32.908908908908906 4328.301900474408 4296.0
32.910910910910914 4210.566644667455 4122.0
32.912912912912915 4081.26899406323 4108.0
32.91491491491492 3945.641646650114 4026.0
32.91691691691692 3809.013198026822 3776.0
32.91891891891892 3676.611780374405 3686.0
32.92092092092092 3553.3695273313065 3527.0
32.92292292292292 3443.734779294073 3454.0
32.92492492492492 3351.4987834588815 3389.0
32.926926926926924 3279.6432449629956 3315.0
32.928928928928926 3230.2144616697256 3303.0
32.930930930930934 3204.22894689732 3142.0
32.932932932932935 3201.614441248215 3240.0
32.93493493493494 3221.189074380668 3102.0
32.93693693693694 3260.680205976178 3341.0
32.93893893893894 3316.783202596623 3274.0
32.94094094094094 3385.2591494343496 3281.0
32.94294294294294 3461.0693127601376 3432.0
32.94494494494494 3538.5431231426865 3671.0
32.946946946946944 3611.575608046261 3667.0
32.948948948948946 3673.849639013701 3730.0
32.950950950950954 3719.078159927344 3618.0
32.952952952952955 3741.261837884008 3766.0
32.95495495495496 3734.958479103646 3773.0
32.95695695695696 3695.5623095409906 3629.0
32.95895895895896 3619.5942026726034 3683.0
32.96096096096096 3505.008770223112 3548.0
32.96296296296296 3351.5320083940533 3430.0
32.96496496496496 3161.0558859592816 3166.0
32.966966966966964 2938.1375527637592 3040.0
32.968968968968966 2690.6878386194644 2593.0
32.970970970970974 2431.00064437562 2395.0
32.972972972972975 2177.4015739878664 2166.0
32.97497497497498 1957.0467724081564 2000.0
32.97697697697698 1810.9368910758842 1859.0
32.97897897897898 1803.4211570698087 1806.0
32.98098098098098 2041.4543219396003 2051.0
32.98298298298298 2717.1121241309 2689.0
32.98498498498498 4213.423058724399 4218.0
32.986986986986985 7423.953167022542 7380.0
32.988988988988986 16303.276293583918 16175.0
32.990990990990994 66589.86418145352 66537.0
32.992992992992995 390624.9320257456 391506.0
32.994994994995 1461081.3217329283 1461033.0
32.996996996997 2757022.813623396 2758016.0
32.998998998999 2640337.0172411636 2641363.0
33.001001001001 1322066.9650277118 1323146.0
33.003003003003 367790.6383281603 367807.0
33.005005005005 82166.05080012417 82335.0
33.007007007007005 30423.630899773154 30610.0
33.009009009009006 17441.982404400198 17439.0
33.011011011011014 11347.590762591732 11239.0
33.013013013013015 7744.568246330335 7873.0
33.01501501501502 5437.560123511024 5454.0
33.01701701701702 3896.0347685078714 3801.0
33.01901901901902 2845.1342258396608 2847.0
33.02102102102102 2126.996377123208 2050.0
33.02302302302302 1643.5569649500508 1601.0
33.02502502502502 1329.9225709038453 1324.0
33.027027027027025 1140.8652792907371 1140.0
33.029029029029026 1043.5150946772997 1133.0
33.031031031031034 1013.1991769652592 995.0
33.033033033033036 1030.97061953395 1045.0
33.03503503503504 1082.0841948852287 1025.0
33.03703703703704 1155.020085816712 1163.0
33.03903903903904 1240.8317032507837 1224.0
33.04104104104104 1332.6874994159655 1374.0
33.04304304304304 1425.5292241134512 1430.0
33.04504504504504 1515.7996922337818 1494.0
33.047047047047045 1601.211626396718 1630.0
33.049049049049046 1680.5406659222974 1740.0
33.051051051051054 1753.4330033267242 1739.0
33.053053053053056 1820.2229021033609 1783.0
33.05505505505506 1881.7584796902315 1867.0
33.05705705705706 1939.236153216902 1919.0
33.05905905905906 1994.0453779991783 2037.0
33.06106106106106 2047.6259744763395 2092.0
33.06306306306306 2101.3405830735915 2136.0
33.06506506506506 2156.364709929892 2126.0
33.067067067067065 2213.596508074889 2205.0
33.069069069069066 2273.587941284458 2350.0
33.071071071071074 2336.4983553973148 2355.0
33.073073073073076 2402.0707823051207 2472.0
33.07507507507508 2469.630568316587 2473.0
33.07707707707708 2538.105190407098 2488.0
33.07907907907908 2606.063435955 2592.0
33.08108108108108 2671.7715043795715 2604.0
33.08308308308308 2733.2630679539957 2656.0
33.08508508508508 2788.4199242001146 2888.0
33.087087087087085 2835.0595974449784 2785.0
33.089089089089086 2871.0261114519844 2907.0
33.091091091091094 2894.2801602074037 2862.0
33.093093093093096 2902.985046269484 2928.0
33.0950950950951 2895.5850278188673 2899.0
33.0970970970971 2870.873102596708 2857.0
33.0990990990991 2828.0457418087594 2957.0
33.1011011011011 2766.742650017434 2781.0
33.1031031031031 2687.070244098302 2711.0
33.1051051051051 2589.608192194411 2560.0
33.107107107107105 2475.399007882191 2507.0
33.109109109109106 2345.9213300586566 2421.0
33.111111111111114 2203.0481139077333 2261.0
33.113113113113116 2048.9914920429974 2113.0
33.11511511511512 1886.236518503311 1827.0
33.11711711711712 1717.4663686433296 1749.0
33.11911911911912 1545.4818231277768 1543.0
33.12112112112112 1373.1180079781311 1349.0
33.12312312312312 1203.1613925005531 1185.0
33.12512512512512 1038.269964873785 1075.0
33.127127127127125 880.8993165621506 883.0
33.129129129129126 733.2370814388426 724.0
33.131131131131134 597.1478072283495 596.0
33.133133133133136 474.12990115635404 441.0
33.13513513513514 365.2858066306496 363.0
33.13713713713714 271.3060533162991 259.0
33.13913913913914 192.46729950175563 220.0
33.14114114114114 128.64397327915822 128.0
33.14314314314314 79.33263672449179 86.0
33.14514514514514 43.68776287333004 30.0
33.147147147147145 20.567243919097074 22.0
33.149149149149146 8.585652718399844 4.0
33.151151151151154 6.173067527786911 10.0
33.153153153153156 11.637147215558562 16.0
33.15515515515516 23.226112624411705 27.0
33.15715715715716 39.19034741306306 41.0
33.15915915915916 57.840473257119925 60.0
33.16116116116116 77.59997132170211 74.0
33.16316316316316 97.05070344995563 94.0
33.16516516516516 114.97001946109941 114.0
33.167167167167165 130.35850661210958 114.0
33.169169169169166 142.45782828632193 143.0
33.171171171171174 150.75849560226538 150.0
33.173173173173176 154.99780246571586 159.0
33.17517517517518 155.14851713388333 155.0
33.17717717717718 151.39924879618366 150.0
33.17917917917918 144.12768471794865 128.0
33.18118118118118 133.8681133664732 118.0
33.18318318318318 121.2748052230405 99.0
33.18518518518518 107.08291195925102 111.0
33.187187187187185 92.06856547695469 105.0
33.189189189189186 77.0098124550792 82.0
33.191191191191194 62.64991185894056 60.0
33.193193193193196 49.66435888980668 41.0
33.1951951951952 38.632787546569794 39.0
33.1971971971972 30.016655458383273 45.0
33.1991991991992 24.14334012352378 24.0
33.2012012012012 21.196987104646983 25.0
33.2032032032032 21.216160086248333 23.0
33.2052052052052 24.09806183279224 19.0
33.207207207207205 29.608834951510456 42.0
33.209209209209206 37.399221580288625 44.0
33.211211211211214 47.02467000411482 54.0
33.213213213213216 57.96883007958476 54.0
33.21521521521522 69.66928240777177 73.0
33.21721721721722 81.54430068903088 73.0
33.21921921921922 93.01945243658625 93.0
33.22122122122122 103.55289818273903 98.0
33.22322322322322 112.65834938376005 114.0
33.22522522522522 119.92478465424121 115.0
33.227227227227225 125.03219559509508 143.0
33.229229229229226 127.76282903244417 137.0
33.231231231231234 128.00760309457706 114.0
33.233233233233236 125.76759098138491 121.0
33.23523523523524 121.15067939597203 123.0
33.23723723723724 114.36370979681804 117.0
33.23923923923924 105.7005917268621 108.0
33.24124124124124 95.527031966356 99.0
33.24324324324324 84.26264548080572 88.0
33.24524524524524 72.36130005016817 72.0
33.247247247247245 60.290593730068046 63.0
33.249249249249246 48.5113722021388 51.0
33.251251251251254 37.45816253877156 37.0
33.253253253253256 27.521333386487782 19.0
33.25525525525526 19.03169293646694 32.0
33.25725725725726 12.248110545767613 11.0
33.25925925925926 7.348601453974032 9.0
33.26126126126126 4.425153493648827 4.0
33.26326326326326 3.482407245666504 3.0
33.26526526526526 4.440133916712706 2.0
33.267267267267265 7.139295348608171 5.0
33.269269269269266 11.351324528097813 9.0
33.271271271271274 16.790138447352575 17.0
33.273273273273276 23.126292931542686 22.0
33.27527527527528 30.002614704799008 26.0
33.27727727727728 37.050601774795915 40.0
33.27927927927928 43.90687018943023 39.0
33.28128128128128 50.228943042297416 42.0
33.28328328328328 55.70972456299019 50.0
33.28528528528528 60.09007549007816 57.0
33.287287287287285 63.16900182975883 47.0
33.289289289289286 64.81108290772892 62.0
33.291291291291294 64.95089113862886 68.0
33.293293293293296 63.594289365453186 66.0
33.2952952952953 60.8166263740023 56.0
33.2972972972973 56.75798148006026 61.0
33.2992992992993 51.61572964316536 41.0
33.3013013013013 45.63480466386567 36.0
33.3033033033033 39.09612556369362 37.0
33.3053053053053 32.30371709069948 31.0
33.307307307307305 25.57109731676648 28.0
33.309309309309306 19.207522340131828 18.0
33.311311311311314 13.50467006942604 16.0
33.313313313313316 8.724313026616766 7.0
33.31531531531532 5.087475949229833 5.0
33.31731731731732 2.7655005404594153 2.0
33.31931931931932 1.873350568456717 2.0
33.32132132132132 2.4653897347356493 4.0
33.32332332332332 4.533756820092883 3.0
33.32532532532532 8.009352234532134 8.0
33.327327327327325 12.765341874758203 12.0
33.329329329329326 18.622982556518753 14.0
33.331331331331334 25.35948227477688 27.0
33.333333333333336 32.71753163194844 36.0
33.33533533533534 40.41608276584044 44.0
33.33733733733734 48.161911021937534 44.0
33.33933933933934 55.66147362328044 62.0
33.34134134134134 62.6325790554096 60.0
33.34334334334334 68.81540022843852 53.0
33.34534534534534 73.98240231175721 80.0
33.347347347347345 77.94681055496571 74.0
33.349349349349346 80.56931155879145 75.0
33.351351351351354 81.76276022469747 75.0
33.353353353353356 81.49475053293068 88.0
33.35535535535536 79.78799760096291 100.0
33.35735735735736 76.71856739685752 81.0
33.35935935935936 72.41207548275679 71.0
33.36136136136136 67.03805390668524 67.0
33.36336336336336 60.8027528561526 63.0
33.36536536536536 53.94069842914815 60.0
33.367367367367365 46.70536819921654 49.0
33.369369369369366 39.359370857450706 30.0
33.371371371371374 32.16452449607232 35.0
33.373373373373376 25.372220347972153 33.0
33.37537537537538 19.214435864465006 16.0
33.37737737737738 13.895724167686465 10.0
33.37937937937938 9.58645815024174 6.0
33.38138138138138 6.417549243362057 6.0
33.38338338338338 4.476795754093331 4.0
33.38538538538538 3.806946549951574 0.0
33.387387387387385 4.4054957071229355 3.0
33.389389389389386 6.226155428525597 5.0
33.391391391391394 9.181890779202726 14.0
33.393393393393396 13.149343002954561 14.0
33.3953953953954 17.974420470826395 22.0
33.3973973973974 23.47879922796228 24.0
33.3993993993994 29.467049779567372 32.0
33.4014014014014 35.73409381553738 39.0
33.4034034034034 42.07269402669892 44.0
33.4054054054054 48.280691504743466 50.0
33.407407407407405 54.16772762858911 49.0
33.409409409409406 59.56121934804488 61.0
33.411411411411414 64.31139669374828 68.0
33.413413413413416 68.29525724560008 75.0
33.41541541541542 71.41934196965848 77.0
33.41741741741742 73.62128819404846 69.0
33.41941941941942 74.87016611501839 93.0
33.42142142142142 75.16565326353806 74.0
33.42342342342342 74.53614492794527 88.0
33.42542542542542 73.03593584673193 59.0
33.427427427427425 70.74163833644737 64.0
33.429429429429426 67.74802355918642 77.0
33.431431431431434 64.16348543854647 67.0
33.433433433433436 60.105330448077495 72.0
33.43543543543544 55.695091380995756 42.0
33.43743743743744 51.054050217531056 38.0
33.43943943943944 46.29913508925276 50.0
33.44144144144144 41.539330163921086 50.0
33.44344344344344 36.87270673371858 30.0
33.44544544544544 32.38415023972264 29.0
33.447447447447445 28.143823154073672 31.0
33.449449449449446 24.20636906898452 16.0
33.451451451451454 20.61083053286411 21.0
33.453453453453456 17.381223560420775 16.0
33.45545545545546 14.52768638108312 15.0
33.45745745745746 12.048099879457062 7.0
33.45945945945946 9.930062924584533 6.0
33.46146146146146 8.153097739354079 7.0
33.46346346346346 6.690958693060562 11.0
33.46546546546546 5.513922117409502 10.0
33.467467467467465 4.590944498873096 8.0
33.469469469469466 3.8915909620360094 8.0
33.471471471471475 3.3876543168021134 0.0
33.473473473473476 3.0544061716370723 7.0
33.47547547547548 2.8714445012637495 3.0
33.47747747747748 2.8231253649907604 2.0
33.47947947947948 2.898589180846752 3.0
33.48148148148148 3.0914129490247078 5.0
33.48348348348348 3.3989381042115143 2.0
33.48548548548548 3.821338556645697 4.0
33.487487487487485 4.360504337502762 7.0
33.489489489489486 5.0188227222169495 6.0
33.491491491491495 5.797940672495395 2.0
33.493493493493496 6.697589930718403 2.0
33.4954954954955 7.714549476308821 6.0
33.4974974974975 8.841809743036578 6.0
33.4994994994995 10.067989687045381 6.0
33.5015015015015 11.377042260927952 13.0
33.5035035035035 12.748266871572364 19.0
33.5055055055055 14.156629942623205 14.0
33.507507507507505 15.573377706381994 15.0
33.509509509509506 16.96690951952727 18.0
33.511511511511515 18.30386616880233 28.0
33.513513513513516 19.55037649879947 27.0
33.51551551551552 20.673397669098936 15.0
33.51751751751752 21.642079786406235 18.0
33.51951951951952 22.4290847204179 20.0
33.52152152152152 23.01179151551064 27.0
33.52352352352352 23.373326866952915 22.0
33.525525525525524 23.50336816008644 23.0
33.527527527527525 23.39867805279482 23.0
33.529529529529526 23.0633430441715 17.0
33.531531531531535 22.508703096446112 23.0
33.533533533533536 21.752974435935 21.0
33.53553553553554 20.82058245755795 20.0
33.53753753753754 19.741235425606597 19.0
33.53953953953954 18.548781785387494 19.0
33.54154154154154 17.27990379538617 19.0
33.54354354354354 15.972707415895092 18.0
33.545545545545544 14.665272597168874 12.0
33.547547547547545 13.394229260249686 11.0
33.549549549549546 12.193422197058512 7.0
33.551551551551555 11.092723080658235 15.0
33.553553553553556 10.117040058608398 8.0
33.55555555555556 9.285565346268188 8.0
33.55755755755756 8.611289414561945 8.0
33.55955955955956 8.100797404816678 3.0
33.56156156156156 7.754349855409138 8.0
33.56356356356356 7.566236394492173 8.0
33.565565565565564 7.525378430477784 5.0
33.567567567567565 7.616145552193835 12.0
33.569569569569566 7.8193409538184255 8.0
33.571571571571575 8.113304099608666 7.0
33.573573573573576 8.475074317702955 10.0
33.57557557557558 8.881557320181827 11.0
33.57757757757758 9.31063780818151 7.0
33.57957957957958 9.742185175928064 5.0
33.58158158158158 10.158905705123528 12.0
33.58358358358358 10.547003212090551 9.0
33.585585585585584 10.896620405949099 18.0
33.587587587587585 11.202044735148672 9.0
33.589589589589586 11.461674617107171 7.0
33.591591591591595 11.677754130694156 15.0
33.593593593593596 11.855895908868264 12.0
33.5955955955956 12.004422473020854 12.0
33.5975975975976 12.1335651386854 13.0
33.5995995995996 12.25456653588198 12.0
33.6016016016016 12.378737309140968 15.0
33.6036036036036 12.516519507599478 17.0
33.605605605605604 12.676608526556507 15.0
33.607607607607605 12.865182246955687 7.0
33.609609609609606 13.085280346976498 14.0
33.611611611611615 13.336368962324821 15.0
33.613613613613616 13.61411637614568 22.0
33.61561561561562 13.9103946071034 17.0
33.61761761761762 14.213510227533884 11.0
33.61961961961962 14.508656003933352 9.0
33.62162162162162 14.778563609566818 15.0
33.62362362362362 15.004327249971755 14.0
33.625625625625624 15.16635898230009 10.0
33.627627627627625 15.24542941990562 12.0
33.629629629629626 15.22374256770739 7.0
33.631631631631635 15.08599105979909 13.0
33.633633633633636 14.820338138755611 13.0
33.63563563563564 14.419275361569381 10.0
33.63763763763764 13.880310178717618 16.0
33.63963963963964 13.206444849963761 11.0
33.64164164164164 12.406417414138993 10.0
33.64364364364364 11.494686163029153 9.0
33.645645645645644 10.491150737682482 10.0
33.647647647647645 9.420615131522853 12.0
33.649649649649646 8.31200989925067 8.0
33.651651651651655 7.1974022281185 10.0
33.653653653653656 6.110832692027298 4.0
33.65565565565566 5.087026003254612 5.0
33.65765765765766 4.160029523132064 6.0
33.65965965965966 3.36183737179365 2.0
33.66166166166166 2.72105949523362 0.0
33.66366366366366 2.2616939171253643 1.0
33.665665665665664 2.0020566915952864 1.0
33.667667667667665 1.9539179060671972 2.0
33.669669669669666 2.1218837342959773 4.0
33.671671671671675 2.503054354967202 1.0
33.673673673673676 3.0869760114458376 4.0
33.67567567567568 3.855893082641898 5.0
33.67767767767768 4.785293283061691 10.0
33.67967967967968 5.844726600238846 6.0
33.68168168168168 6.998866849558803 4.0
33.68368368368368 8.208774296675802 6.0
33.685685685685684 9.433309126790359 14.0
33.687687687687685 10.630638978285663 4.0
33.689689689689686 11.759779640483199 17.0
33.691691691691695 12.782106490293247 9.0
33.693693693693696 13.662775358695937 14.0
33.6956956956957 14.371995246836587 9.0
33.6976976976977 14.886101509670059 10.0
33.6996996996997 15.188386538940302 14.0
33.7017017017017 15.269655090632407 13.0
33.7037037037037 15.128482910303084 17.0
33.705705705705704 14.771169805717516 17.0
33.707707707707705 14.211391055361284 14.0
33.70970970970971 13.469563522508777 17.0
33.711711711711715 12.571954637640145 15.0
33.713713713713716 11.549572978711902 10.0
33.71571571571572 10.436887964430305 9.0
33.71771771771772 9.27043297762605 7.0
33.71971971971972 8.087350635873909 10.0
33.72172172172172 6.923940822333467 11.0
33.72372372372372 5.814271416556915 7.0
33.725725725725724 4.788908437057472 1.0
33.727727727727725 3.873816668766339 4.0
33.729729729729726 3.089474138654653 2.0
33.731731731731735 2.4502342715851206 1.0
33.733733733733736 1.9639586660609476 2.0
33.73573573573574 1.6319316706199243 2.0
33.73773773773774 1.4490558138148306 1.0
33.73973973973974 1.404315162053635 0.0
33.74174174174174 1.4814823588019719 2.0
33.74374374374374 1.6600349395235607 2.0
33.745745745745744 1.9162379309451905 3.0
33.747747747747745 2.224343086123671 2.0
33.74974974974975 2.557850655119319 5.0
33.751751751751755 2.890777513549227 3.0
33.753753753753756 3.1988758329314266 4.0
33.75575575575576 3.4607492514480303 5.0
33.75775775775776 3.6588185642554008 7.0
33.75975975975976 3.7800959986946387 3.0
33.76176176176176 3.816735920900196 4.0
33.76376376376376 3.7663399355867067 6.0
33.765765765765764 3.632005275484918 3.0
33.767767767767765 3.4221167360449836 3.0
33.769769769769766 3.1498936656747567 5.0
33.771771771771775 2.83271414717177 5.0
33.773773773773776 2.491248127674181 3.0
33.77577577577578 2.148439405526898 3.0
33.77777777777778 1.828382744535285 2.0
33.77977977977978 1.5551467096017921 3.0
33.78178178178178 1.3515948902921497 1.0
33.78378378378378 1.2382579807154035 1.0
33.785785785785784 1.2323067178975446 0.0
33.787787787787785 1.3466710600422567 1.0
33.78978978978979 1.5893444353824995 0.0
33.791791791791795 1.9629037117371024 0.0
33.793793793793796 2.464266088372967 2.0
33.7957957957958 3.084693796989787 5.0
33.7977977977978 3.8100467765771007 7.0
33.7997997997998 4.621272829543479 0.0
33.8018018018018 5.495114608454759 7.0
33.8038038038038 6.405003543490673 5.0
33.805805805805804 7.322102933523909 10.0
33.807807807807805 8.216456208057206 5.0
33.809809809809806 9.05819197243714 3.0
33.811811811811815 9.81873518241788 11.0
33.813813813813816 10.47197373250787 6.0
33.81581581581582 10.995331714561912 12.0
33.81781781781782 11.370704652564749 8.0
33.81981981981982 11.585217984283775 10.0
33.82182182182182 11.631777538299046 9.0
33.82382382382382 11.509389484731054 13.0
33.825825825825824 11.223236894575257 18.0
33.827827827827825 10.78451019532361 3.0
33.82982982982983 10.209998862771785 14.0
33.831831831831835 9.521461503706588 7.0
33.833833833833836 8.74480045269935 14.0
33.83583583583584 7.9090748147434295 12.0
33.83783783783784 7.045392236344749 8.0
33.83983983983984 6.185724309691988 6.0
33.84184184184184 5.361693273590825 5.0
33.84384384384384 4.60337839888906 1.0
33.845845845845844 3.938189245474177 2.0
33.847847847847845 3.3898498160212776 2.0
33.849849849849846 2.9775327009228088 2.0
33.851851851851855 2.715175860509913 2.0
33.853853853853856 2.611006987549832 1.0
33.85585585585586 2.6672917814357704 2.0
33.85785785785786 2.880313264988021 1.0
33.85985985985986 3.240579960433771 2.0
33.86186186186186 3.733251639499127 3.0
33.86386386386386 4.3387628197009125 2.0
33.865865865865864 5.033616605551722 6.0
33.867867867867865 5.791315158818745 6.0
33.86986986986987 6.5833881824468286 7.0
33.871871871871875 7.380477562329035 9.0
33.873873873873876 8.153434885804211 9.0
33.87587587587588 8.874388848228135 5.0
33.87787787787788 9.517741575939956 6.0
33.87987987987988 10.061056596631895 4.0
33.88188188188188 10.485806318991655 10.0
33.88388388388388 10.777953118602442 18.0
33.885885885885884 10.928345345569152 7.0
33.887887887887885 10.932917469202277 9.0
33.889889889889886 10.792691624860995 9.0
33.891891891891895 10.513585773227554 15.0
33.893893893893896 10.106041329375925 8.0
33.8958958958959 9.584490051478458 10.0
33.8978978978979 8.966685894138205 12.0
33.8998998998999 8.272932193958743 10.0
33.9019019019019 7.525237947365732 10.0
33.9039039039039 6.746438860746503 8.0
33.905905905905904 5.959319206211205 9.0
33.907907907907905 5.185769379294826 5.0
33.90990990990991 4.446011536557205 3.0
33.911911911911915 3.757921936778466 2.0
33.913913913913916 3.1364737277468935 1.0
33.91591591591592 2.593318202273757 3.0
33.91791791791792 2.136516295787799 2.0
33.91991991991992 1.7704255047132655 2.0
33.92192192192192 1.495740804916582 2.0
33.92392392392392 1.3096818264443217 1.0
33.925925925925924 1.2063127320308766 1.0
33.927927927927925 1.1769761840947637 1.0
33.929929929929926 1.2108186842259936 3.0
33.931931931931935 1.2953815549788141 0.0
33.933933933933936 1.4172300027261207 3.0
33.93593593593594 1.5625921100692253 1.0
33.93793793793794 1.7179802295518782 3.0
33.93993993993994 1.8707690315799295 1.0
33.94194194194194 2.0097072839560948 0.0
33.94394394394394 2.125344154969323 1.0
33.945945945945944 2.210355246821001 1.0
33.947947947947945 2.2597584638442574 0.0
33.94994994994995 2.2710149903923798 1.0
33.951951951951955 2.244015853287801 2.0
33.953953953953956 2.180959519800995 2.0
33.95595595595596 2.086130563761276 2.0
33.95795795795796 1.9655934094390783 0.0
33.95995995995996 1.8268183935421822 3.0
33.96196196196196 1.6782597308954197 0.0
33.96396396396396 1.528906351385502 3.0
33.965965965965964 1.3878270098840568 2.0
33.967967967967965 1.263730508044221 2.0
33.969969969969966 1.1645603952756731 0.0
33.971971971971975 1.0971412394561495 3.0
33.973973973973976 1.0668905725353712 3.0
33.97597597597598 1.0776071026085918 0.0
33.97797797797798 1.1313419150822512 1.0
33.97997997997998 1.22835534259571 0.0
33.98198198198198 1.3671581481936583 4.0
33.98398398398398 1.5446318367065295 3.0
33.985985985985984 1.756219441454334 0.0
33.987987987987985 1.9961751847950873 3.0
33.98998998998999 2.2578590951799216 1.0
33.991991991991995 2.534061053922712 2.0
33.993993993993996 2.816450054079763 4.0
33.995995995996 3.079454091607422 4.0
33.997997997998 3.1696472815342727 4.0
34.0 2.7182283531459577 1.0
