32.50125 0.2955055158258838 0.0
32.50375 0.29158876967099023 0.6667
32.50625 0.28959562082162676 1.0
32.50875 0.28964560120202865 0.6667
32.51125 0.29179876533049737 1.0
32.51375 0.29605300944365637 0.3333
32.51625 0.3023432244276709 0.3333
32.51875 0.3105423296980847 0.3333
32.52125 0.32046418515102804 0.0
32.52375 0.3318683213410707 0.3333
32.52625 0.34446637013388315 1.6667
32.52875 0.3579300293089167 0.0
32.53125 0.37190034320009663 0.6667
32.53375 0.38599804145776234 0.6667
32.536249999999995 0.399834640881897 0.3333
32.53875 0.41302398977053134 0.6667
32.54125 0.42519391767927606 0.0
32.543749999999996 0.4359976400027458 0.0
32.54625 0.4451245766403388 0.3333
32.54875 0.45231025167853084 0.0
32.551249999999996 0.4573449650295911 0.3333
32.55375 0.4600809580128638 0.3333
32.55625 0.4604378390741165 0.3333
32.558749999999996 0.4584060778694924 1.0
32.56125 0.4540484384456267 0.0
32.56375 0.4474992761343848 0.0
32.56625 0.4389616834468628 1.0
32.56875 0.4287025443446878 0.3333
32.57125 0.41704560301852994 0.3333
32.57375 0.40436273084135355 0.3333
32.57625 0.39106361772389464 0.0
32.57875 0.37758417288043183 0.0
32.58125 0.36437395751864565 0.6667
32.58375 0.35188300974145836 0.3333
32.58625 0.3405484408098594 0.6667
32.58875 0.3307811988232386 1.0
32.59125 0.32295339362970904 0.3333
32.59375 0.3173865703660259 0.6667
32.59625 0.3143412900471419 1.0
32.598749999999995 0.31400835233225527 1.0
32.60125 0.316501942774539 0.3333
32.60375 0.32185494115462854 0.6667
32.606249999999996 0.33001656315638894 0.0
32.60875 0.34085244681981186 0.0
32.61125 0.354147217843119 1.3333
32.613749999999996 0.3696095009199776 1.3333
32.61625 0.3868792706793327 0.3333
32.61875 0.4055373629092084 1.0
32.621249999999996 0.4251169012363056 0.3333
32.62375 0.4451163380274855 0.3333
32.62625 0.4650137480130242 0.6667
32.62875 0.4842819778031205 1.0
32.63125 0.502404218527447 0.0
32.63375 0.5188895504297624 1.0
32.63625 0.5332880035145338 0.3333
32.63875 0.5452046762658047 0.3333
32.64125 0.554312491620989 0.0
32.64375 0.5603631804609925 0.3333
32.64625 0.5631961456303085 0.3333
32.64875 0.5627449049985631 0.0
32.65125 0.5590408839230578 0.0
32.65375 0.5522143963292465 0.6667
32.65625 0.5424927354728313 0.3333
32.65875 0.5301953778740414 0.3333
32.661249999999995 0.5157263892678793 1.3333
32.66375 0.49956420164884163 0.3333
32.66625 0.48224901532516384 0.6667
32.668749999999996 0.4643681467495242 0.3333
32.67125 0.4465397154693896 1.0
32.67375 0.4293951142732212 0.6667
32.676249999999996 0.41356075245575363 0.0
32.67875 0.3996395905153224 0.3333
32.68125 0.388193003617312 0.0
32.683749999999996 0.3797235050414278 1.0
32.68625 0.3746588551619362 0.6667
32.68875 0.37333804111972085 0.6667
32.69125 0.37599957471714396 2.0
32.69375 0.38277249488478704 0.3333
32.69625 0.3936703883188053 2.0
32.69875 0.4085886616686225 0.0
32.70125 0.4273052136625225 0.6667
32.70375 0.4494845504104251 0.3333
32.70625 0.4746852968807078 2.0
32.70875 0.502370957104314 1.6667
32.71125 0.5319236736239645 0.3333
32.71375 0.5626606544520276 0.6667
32.71625 0.5938528411497193 0.6667
32.71875 0.6247453305123831 0.0
32.72125 0.6545789917701651 0.0
32.723749999999995 0.6826126821787074 1.3333
32.72625 0.7081454318699572 0.6667
32.72875 0.7305379557439844 1.3333
32.731249999999996 0.7492328601122876 0.6667
32.73375 0.7637729329182325 0.0
32.73625 0.773816946456981 0.3333
32.738749999999996 0.7791524709447883 1.0
32.74125 0.779705254902837 1.0
32.74375 0.7755448382954842 0.3333
32.746249999999996 0.7668861441484478 1.0
32.74875 0.7540869202057503 0.6667
32.75125 0.7376410066167516 1.0
32.75375 0.7181675323297252 0.3333
32.75625 0.6963962531258415 0.3333
32.75875 0.6731493682406247 0.3333
32.76125 0.6493202498358488 0.3333
32.76375 0.6258496249015474 1.3333
32.76625 0.6036998312402171 1.3333
32.76875 0.5838278380370443 0.6667
32.77125 0.5671577664710875 1.6667
32.77375 0.5545536940894307 0.6667
32.77625 0.5467935113117524 1.0
32.77875 0.5445446106639427 1.3333
32.78125 0.548342142297489 0.3333
32.78375 0.5585705190920857 1.3333
32.786249999999995 0.575448769692515 1.3333
32.78875 0.5990202716522159 0.3333
32.79125 0.6291472439550114 2.0
32.793749999999996 0.6655102940381026 1.3333
32.79625 0.7076131563992994 0.3333
32.79875 0.754792623729853 2.6667
32.801249999999996 0.8062335309068386 2.3333
32.80375 0.8609884987913815 0.3333
32.80625 0.9180020153173557 2.0
32.808749999999996 0.9761382907025608 1.0
32.81125 1.0342122072450173 2.0
32.81375 1.0910225891722738 0.0
32.81625 1.1453869155111995 1.0
32.81875 1.1961765572737857 1.3333
32.82125 1.2423515723279324 2.0
32.82375 1.2829940688119919 0.3333
32.82625 1.3173391888311765 3.0
32.82875 1.3448027701128198 0.6667
32.83125 1.3650048474274854 0.6667
32.83375 1.3777882078192973 0.3333
32.83625 1.3832313709398831 0.6667
32.83875 1.381655462224507 0.6667
32.84125 1.3736246329281399 0.6667
32.84375 1.359939821635186 0.6667
32.84625 1.3416258537153325 1.0
32.848749999999995 1.3199120267306024 1.6667
32.85125 1.2962065492806245 1.0
32.85375 1.2720653411797354 1.3333
32.856249999999996 1.2491559006328443 1.6667
32.85875 1.229217080615057 0.6667
32.86125 1.2140157611404054 0.6667
32.863749999999996 1.2053015202285242 1.6667
32.86625 1.2047604794641733 1.3333
32.86875 1.2139695855435866 1.3333
32.871249999999996 1.2343525912604258 2.3333
32.87375 1.2671390053609959 1.0
32.87625 1.3133272600531198 2.0
32.87875 1.3736532379908846 1.6667
32.88125 1.4485652363992598 5.3333
32.88375 1.5382062995099381 3.0
32.88625 1.6424046828376597 3.3333
32.88875 1.7606730488430729 1.6667
32.89125 1.892216788877881 2.3333
32.89375 2.035951647030447 2.0
32.89625 2.1905305953453684 3.6667
32.89875 2.354379709335698 2.0
32.90125 2.5257425392810067 6.0
32.90375 2.7027322764289528 3.3333
32.90625 2.8833908290176535 2.6667
32.90875 3.0657537207659447 2.3333
32.911249999999995 3.2479196043785614 2.0
32.91375 3.428123057130616 4.3333
32.91625 3.6048092525168807 2.0
32.918749999999996 3.776709071157497 3.6667
32.92125 3.9429132294873805 3.6667
32.92375 4.102944077205871 5.3333
32.926249999999996 4.256823817563266 4.6667
32.92875 4.40513809524858 5.0
32.93125 4.549094130042171 5.3333
32.933749999999996 4.690572871247568 4.3333
32.93625 4.832175004139074 4.6667
32.93875 4.977261102607402 5.3333
32.94125 5.129986719401945 4.6667
32.94375 5.29533383725019 5.0
32.94625 5.479140824969434 4.6667
32.94875 5.688133933537335 3.6667
32.95125 5.929964400883792 7.6667
32.95375 6.213256560380005 5.0
32.95625 6.547673967669519 8.3333
32.95875 6.944012683703695 5.6667
32.96125 7.414333578534519 12.3333
32.96375 7.972149233144787 9.6667
32.96625 8.632686066736586 13.6667
32.96875 9.413249293256326 10.6667
32.97125 10.333728370578935 11.0
32.973749999999995 11.41729483256543 14.6667
32.97625 12.691365671830896 12.6667
32.97875 14.188936762157194 17.6667
32.981249999999996 15.950438801526916 20.0
32.98375 18.026342374403466 25.0
32.98625 20.480855975693416 26.0
32.988749999999996 23.397250398921265 29.0
32.99125 26.885656891961347 25.0
32.99375 31.094721093580876 33.3333
32.996249999999996 36.22943298839261 45.3333
32.99875 42.57915736201572 45.3333
33.00125 50.563107536931845 61.6667
33.00375 60.80686023524227 71.6667
33.00625 74.27672407051213 85.6667
33.00875 92.5279687997795 107.3333
33.01125 118.19224908118667 127.6667
33.01375 156.0092657744607 181.6667
33.01625 215.22728276916362 251.0
33.01875 315.9260407140321 405.0
33.02125 508.77182565929644 592.0
33.02375 954.6183587827927 1089.3334
33.02625 2421.4725398243845 2622.6667
33.02875 15937.128549719493 16048.333
33.03125 123384.3379060337 108572.0
33.03375 4577.898668261258 65575.6641
33.036249999999995 1394.9314314204632 6141.3335
33.03875 672.447904419139 1506.6666
33.04125 396.8962391492899 700.3333
33.043749999999996 262.9629390658519 403.6667
33.04625 187.80312718019908 281.6667
33.04875 141.37274266276458 188.3333
33.051249999999996 110.63187239270218 140.6667
33.05375 89.17602149831369 114.0
33.05625 73.56106567984644 82.0
33.058749999999996 61.80173853389005 74.0
33.06125 52.68928793979933 65.0
33.06375 45.45454231279558 51.0
33.06625 39.59003235678149 39.3333
33.06875 34.75075923244205 35.6667
33.07125 30.696207912891655 35.0
33.07375 27.25509075024633 26.6667
33.07625 24.303160582647145 21.0
33.07875 21.748820574795236 26.0
33.08125 19.52353842772319 19.0
33.08375 17.575307781250412 20.6667
33.08625 15.864093507519515 17.0
33.08875 14.35859994733009 15.0
33.09125 13.033941259240025 15.6667
33.09375 11.869940040292573 17.0
33.09625 10.849872351267884 12.0
33.098749999999995 9.959536105483426 13.3333
33.10125 9.186558013865776 14.0
33.10375 8.51987957309264 10.3333
33.106249999999996 7.949379540869016 9.0
33.10875 7.465601888887926 10.3333
33.11125 7.059566119618548 8.6667
33.113749999999996 6.722642380868043 10.3333
33.11625 6.446477644612612 8.6667
33.11875 6.222962020083591 10.3333
33.121249999999996 6.044226214287114 8.3333
33.12375 5.902662680231485 8.3333
33.12625 5.790964050981849 8.6667
33.12875 5.702173367765468 8.0
33.13125 5.629741298259685 7.6667
33.13375 5.567586144486432 8.3333
33.13625 5.510152992797574 6.3333
33.13875 5.452468822407525 9.0
33.14125 5.390190909325257 5.3333
33.14375 5.319646267134624 9.3333
33.14625 5.237860369230727 5.6667
33.14875 5.142573805730265 4.3333
33.15125 5.032246006515464 6.6667
33.15375 4.906045534309083 6.6667
33.15625 4.763826950364031 4.6667
33.15875 4.606094547166975 5.6667
33.161249999999995 4.433953721843091 2.3333
33.16375 4.249050996696122 4.6667
33.16625 4.05350407334387 4.0
33.168749999999996 3.8498235189680736 5.0
33.17125 3.640827903926335 4.3333
33.17375 3.4295543792035454 6.6667
33.176249999999996 3.21916677509467 3.3333
33.17875 3.012863356281494 1.0
33.18125 2.8137863725230328 2.6667
33.183749999999996 2.6249354857058913 2.3333
33.18625 2.4490870292452653 2.0
33.18875 2.2887209280296026 3.6667
33.19125 2.145956879357257 4.0
33.19375 2.0225011732591245 1.0
33.19625 1.9196052537807582 2.0
33.19875 1.8380368282442923 1.6667
33.20125 1.7780640173156768 4.0
33.20375 1.7394527179446266 3.0
33.20625 1.7214770254819916 3.3333
33.20875 1.7229422475128242 4.6667
33.21125 1.7422197337792469 3.3333
33.21375 1.7772924649858886 1.6667
33.21625 1.8258101017630186 5.6667
33.21875 1.8851519559683634 5.0
33.22125 1.9524961930623144 1.6667
33.223749999999995 2.0248934158201886 1.0
33.22625 2.0993427096973365 2.6667
33.22875 2.1728681789275313 2.6667
33.231249999999996 2.242594021199486 3.0
33.23375 2.3058162381538647 2.0
33.23625 2.360069190654476 2.0
33.238749999999996 2.4031853568478008 1.6667
33.24125 2.43334683038053 2.6667
33.24375 2.4491273356222125 4.3333
33.246249999999996 2.449523765223647 2.6667
33.24875 2.433976552455512 1.6667
33.25125 2.4023784407526554 1.0
33.25375 2.3550715510099853 4.3333
33.25625 2.292832908418817 2.0
33.25875 2.216848924830398 3.0
33.26125 2.128679547635296 1.6667
33.26375 2.030213126006703 1.6667
33.26625 1.9236131899283593 1.6667
33.26875 1.8112585912383203 2.6667
33.27125 1.6956786009821174 2.0
33.27375 1.5794846471426949 0.6667
33.27625 1.4653004992896819 1.6667
33.27875 1.3556926887744065 1.0
33.28125 1.2531029620131702 1.0
33.28375 1.159784490556786 1.3333
33.286249999999995 1.077743456432529 1.3333
33.28875 1.008687484383509 0.6667
33.29125 0.9539822071768571 0.3333
33.293749999999996 0.9146170318466142 1.3333
33.29625 0.8911809430303299 1.6667
33.29875 0.8838488998394105 1.6667
33.301249999999996 0.8923791256007592 1.0
33.30375 0.9161212993743107 3.6667
33.30625 0.9540353748247115 0.0
33.308749999999996 1.0047204925499538 2.0
33.31125 1.0664531825968449 1.6667
33.31375 1.1372338246573401 1.6667
33.31625 1.214840125689026 1.0
33.31875 1.2968861994208618 1.3333
33.32125 1.3808856902022308 2.0
33.32375 1.4643172917640683 2.3333
33.32625 1.5446909504158333 2.3333
33.32875 1.6196130361809995 2.6667
33.33125 1.6868487896089819 3.0
33.33375 1.7443804422704672 2.0
33.33625 1.7904595051076249 1.3333
33.33875 1.8236518923894995 2.6667
33.34125 1.8428747297228263 1.6667
33.34375 1.847423905039201 2.3333
33.34625 1.8369916763299905 1.3333
33.348749999999995 1.8116738988813585 1.0
33.35125 1.7719666974865096 1.6667
33.35375 1.718752701729597 1.6667
33.356249999999996 1.6532772073103883 2.3333
33.35875 1.5771149007336307 2.0
33.36125 1.4921280247106916 0.6667
33.363749999999996 1.4004170724812404 0.6667
33.36625 1.3042653094563454 0.6667
33.36875 1.2060785521764386 1.0
33.371249999999996 1.1083217800578697 2.6667
33.37375 1.013454222735775 1.0
33.37625 0.9238646081420696 1.0
33.37875 0.8418082506442502 1.3333
33.38125 0.7693476101159811 1.6667
33.38375 0.7082978698125675 0.6667
33.38625 0.6601789383108781 0.3333
33.38875 0.6261751313341309 0.6667
33.39125 0.6071035786519761 1.0
33.39375 0.6033921853007381 1.6667
33.39625 0.6150677252417522 1.0
33.39875 0.6417543888501005 0.3333
33.40125 0.6826828347953848 0.3333
33.40375 0.7367095227759595 0.0
33.40625 0.8023458467582678 0.6667
33.40875 0.87779632595327 1.3333
33.411249999999995 0.9610048817746586 1.0
33.41375 1.0497080174392521 2.3333
33.41625 1.1414935382960463 0.6667
33.418749999999996 1.2338633019773528 1.6667
33.42125 1.3242983858698438 2.3333
33.42375 1.4103249876942234 2.6667
33.426249999999996 1.4895793596672537 1.3333
33.42875 1.5598700877154121 2.6667
33.43125 1.6192361002552529 2.0
33.433749999999996 1.665998888624258 0.0
33.43625 1.6988075740352764 1.6667
33.43875 1.7166756253937 1.0
33.44125 1.7190082504090154 3.3333
33.44375 1.7056197174419152 0.6667
33.44625 1.6767401227192793 2.6667
33.44875 1.6330113744555217 0.6667
33.45125 1.5754724649564966 1.0
33.45375 1.5055343567796629 1.3333
33.45625 1.424945080726308 0.6667
33.45875 1.335745906138032 1.0
33.46125 1.2402196694143799 1.6667
33.46375 1.1408325489613544 1.0
33.46625 1.0401707614775253 0.6667
33.46875 0.9408737812864876 1.6667
33.47125 0.8455657820325191 0.3333
33.473749999999995 0.7567870630958349 1.0
33.47625 0.6769272239114383 1.0
33.47875 0.608161818775492 0.3333
33.481249999999996 0.5523941444778173 2.0
33.48375 0.5112036914597998 1.3333
33.48625 0.48580262818118736 0.0
33.488749999999996 0.4770014911916567 0.3333
33.49125 0.48518502430034643 1.3333
33.49375 0.5102988587663546 0.3333
33.496249999999996 0.5518474522981375 0.6667
33.49875 0.6089034208940813 2.3333
33.50125 0.6801281065073042 0.6667
33.50375 0.7638029375572061 1.0
33.50625 0.8578708573889957 1.3333
33.50875 0.9599868382764227 0.6667
33.51125 1.0675762553003634 3.3333
33.51375 1.177899687453899 0.3333
33.51625 1.2881225391025617 1.6667
33.51875 1.395387736258503 2.3333
33.52125 1.496889664526938 1.3333
33.52375 1.5899474647842657 2.6667
33.52625 1.672075807585849 1.3333
33.52875 1.7410513099165636 3.0
33.53125 1.794972860706841 1.3333
33.53375 1.8323142517152327 1.3333
33.536249999999995 1.8519676999767472 1.3333
33.53875 1.8532770578728472 0.6667
33.54125 1.8360597668413616 2.6667
33.543749999999996 1.8006168781918082 1.0
33.54625 1.7477307617067543 4.3333
33.54875 1.6786504394886268 2.6667
33.551249999999996 1.5950647803289186 2.6667
33.55375 1.4990641135782525 0.6667
33.55625 1.3930911077325743 2.0
33.558749999999996 1.2798820508083368 1.0
33.56125 1.1623999120885764 2.0
33.56375 1.0437607964490276 0.6667
33.56625 0.9271555845208234 1.0
33.56875 0.8157686880573619 0.6667
33.57125 0.7126959535470447 0.6667
33.57375 0.6208637836688384 1.3333
33.57625 0.5429515447801074 0.3333
33.57875 0.48131926853741536 0.0
33.58125 0.4379425460477855 0.6667
33.58375 0.41435635787769176 0.3333
33.58625 0.4116093760334317 1.0
33.58875 0.4302300350571991 0.3333
33.59125 0.4702053862047994 0.6667
33.59375 0.53097344389856 0.0
33.59625 0.6114294038256319 2.0
33.598749999999995 0.7099457681154173 2.3333
33.60125 0.8244060684885149 0.6667
33.60375 0.9522515305190106 1.3333
33.606249999999996 1.0905396914117862 1.0
33.60875 1.2360136727896136 2.6667
33.61125 1.3851805216466835 2.6667
33.613749999999996 1.534396787747529 2.6667
33.61625 1.6799592986661942 1.6667
33.61875 1.8181989309880642 2.0
33.621249999999996 1.9455750722789937 2.0
33.62375 2.0587684198752196 1.3333
33.62625 2.1547697548186786 2.6667
33.62875 2.230962413536645 1.3333
33.63125 2.2851962820416194 2.3333
33.63375 2.31585132001944 1.6667
33.63625 2.321888854157643 4.3333
33.63875 2.3028891462131904 2.6667
33.64125 2.2590740593109935 2.0
33.64375 2.1913139955185255 1.6667
33.64625 2.1011186485991926 3.6667
33.64875 1.9906115104083544 1.0
33.65125 1.8624884639349275 1.3333
33.65375 1.7199611989335926 0.6667
33.65625 1.5666865647888313 2.3333
33.65875 1.4066833506806529 2.0
33.661249999999995 1.244238306683358 0.6667
33.66375 1.0838035280638718 2.0
33.66625 0.9298875693264642 2.0
33.668749999999996 0.7869428530910898 1.0
33.67125 0.659252084526409 1.3333
33.67375 0.5508164499830964 1.6667
33.676249999999996 0.46524839944174484 0.3333
33.67875 0.4056717480127627 0.3333
33.68125 0.37463171335634055 0.3333
33.683749999999996 0.3740173178659677 0.6667
33.68625 0.4049983311953479 0.6667
33.68875 0.4679786248868217 1.0
33.69125 0.5625674497921955 0.3333
33.69375 0.6875697484792471 0.0
33.69625 0.8409961771824773 1.0
33.69875 1.0200930507759183 1.0
33.70125 1.221391951718433 2.0
33.70375 1.4407782620698788 2.0
33.70625 1.6735774092848505 2.0
33.70875 1.9146571620810129 3.3333
33.71125 2.158543894181818 3.6667
33.71375 2.3995503459190854 2.6667
33.71625 2.6319120880439533 4.3333
33.71875 2.849929613684878 4.3333
33.72125 3.0481127792936884 2.6667
33.723749999999995 3.2213241791121936 4.3333
33.72625 3.364917980214247 4.3333
33.72875 3.47487076803969 4.0
33.731249999999996 3.547901041345066 3.3333
33.73375 3.581574207126845 3.3333
33.73625 3.5743901422463398 2.3333
33.738749999999996 3.5258507619394184 3.6667
33.74125 3.436505409604399 3.3333
33.74375 3.3079723532662837 3.3333
33.746249999999996 3.1429351737499562 1.3333
33.74875 2.9451133939333203 4.0
33.75125 2.719207263782413 2.0
33.75375 2.4708172167062874 3.3333
33.75625 2.206339113142179 4.3333
33.75875 1.932836972162462 3.3333
33.76125 1.657895457904946 1.0
33.76375 1.389454920754503 1.3333
33.76625 1.135632270448478 1.0
33.76875 0.9045313794854954 1.3333
33.77125 0.704047066386543 1.0
33.77375 0.5416669748352899 0.6667
33.77625 0.42427584682975095 0.6667
33.77875 0.3579667741333371 0.6667
33.78125 0.34786400089908176 1.3333
33.78375 0.3979617365669982 0.0
33.786249999999995 0.5109832269663567 0.0
33.78875 0.6882640201946539 1.0
33.79125 0.9296629583285352 1.0
33.793749999999996 1.2335039361507925 1.6667
33.79625 1.596550895545775 2.0
33.79875 2.0140178861036233 2.3333
33.801249999999996 2.4796153290249743 2.3333
33.80375 2.985632879108028 3.3333
33.80625 3.5230585159865884 3.3333
33.808749999999996 4.081732720332592 5.6667
33.81125 4.650535803680988 5.0
33.81375 5.2176057151838915 7.3333
33.81625 5.770582922285389 8.3333
33.81875 6.296878288251715 7.0
33.82125 6.783959272686685 7.3333
33.82375 7.219649249123382 7.6667
33.82625 7.592434300558391 9.6667
33.82875 7.891771526524808 8.3333
33.83125 8.108392672658841 10.0
33.83375 8.234596776133936 6.3333
33.83625 8.26452557567395 8.3333
33.83875 8.194415520610711 9.6667
33.84125 8.022820536978877 10.3333
33.84375 7.750800046907397 8.0
33.84625 7.382067270748475 8.0
33.848749999999995 6.923093427375981 6.3333
33.85125 6.383164169867843 8.0
33.85375 5.774385380662254 5.6667
33.856249999999996 5.111636315870358 5.6667
33.85875 4.412469017977898 7.6667
33.86125 3.69695387746978 3.6667
33.863749999999996 2.9874722199171964 2.0
33.86625 2.3084577880490142 2.3333
33.86875 1.6860899773931441 0.6667
33.871249999999996 1.147942636150533 1.0
33.87375 0.7225931468599992 1.0
33.87625 0.4391973434111642 0.0
33.87875 0.32703657523264823 0.3333
33.88125 0.41504388253221147 0.6667
33.88375 0.7313167904759745 2.0
33.88625 1.302624646583868 1.3333
33.88875 2.1539187076706128 2.3333
33.89125 3.3078533216212387 3.3333
33.89375 4.784326541702965 6.0
33.89625 6.600048350822597 8.0
33.89875 8.768144370840018 10.3333
33.90125 11.297802476300646 9.0
33.90375 14.193969138881249 13.0
33.90625 17.457101614283147 19.6667
33.90875 21.08298123495948 22.6667
33.911249999999995 25.062592142079975 19.3333
33.91375 29.382068736845056 30.0
33.91625 34.02271406362266 27.0
33.918749999999996 38.961090146984475 41.6667
33.92125 44.16918016302587 45.3333
33.92375 49.614621113102615 46.0
33.926249999999996 55.261004499022846 44.3333
33.92875 61.068241364089594 49.0
33.93125 66.99298698331197 69.0
33.933749999999996 72.98911945647043 59.0
33.93625 79.00826556344924 70.6667
33.93875 85.00036644036244 82.6667
33.94125 90.91427491134968 86.6667
33.94375 96.69837580422664 83.3333
33.94625 102.30122016274842 95.0
33.94875 107.67216399266698 90.6667
33.95125 112.76200212361655 106.0
33.95375 117.5235877646518 105.3333
33.95625 121.91242861344628 101.3333
33.95875 125.8872506668303 113.3333
33.96125 129.41052144617854 113.0
33.96375 132.44892492247232 121.6667
33.96625 134.97378123941 119.6667
33.96875 136.96140515321488 118.3333
33.97125 138.39339808294184 105.3333
33.973749999999995 139.25686969005565 118.6667
33.97625 139.54458600400991 126.6667
33.97875 139.25504222978506 131.6667
33.981249999999996 138.39245954161578 120.3333
33.98375 136.96670630963732 122.6667
33.98625 134.99314536258342 129.3333
33.988749999999996 132.49240998318092 108.3333
33.99125 129.4901124053265 111.0
33.99375 126.0164895585383 126.6667
33.996249999999996 122.10599172640195 111.0
33.99875 117.7968205719414 108.6667
34.00125 113.13042373418624 99.0
34.00375 108.15095370113423 100.6667
34.00625 102.90469920551024 92.3333
34.00875 97.43949765349433 82.6667
34.01125 91.80413728686693 82.3333
34.01375 86.04775782521867 80.3333
34.01625 80.21925824941799 77.6667
34.01875 74.36672011163519 69.0
34.02125 68.5368544319346 68.3333
34.02375 62.774479719687626 61.6667
34.02625 57.122038049758906 56.6667
34.02875 51.61915544574621 44.6667
34.03125 46.302251970988294 48.0
34.03375 41.20420608510317 35.0
34.036249999999995 36.354076885338536 29.0
34.03875 31.776886850933284 28.3333
34.04125 27.49346673086589 21.6667
34.043749999999996 23.5203631810314 22.3333
34.04625 19.86980876831188 18.3333
34.04875 16.549752986391983 15.0
34.051249999999996 13.563951975494998 12.6667
34.05375 10.912113805282635 11.3333
34.05625 8.590095340859266 8.6667
34.058749999999996 6.590146025123532 5.6667
34.06125 4.9011932942393095 5.6667
34.06375 3.5091638158659073 2.6667
34.06625 2.397334358051965 3.3333
34.06875 1.546705800687969 1.6667
34.07125 0.9363936419971426 1.0
34.07375 0.5440283005762092 0.6667
34.07625 0.3461585803091002 0.6667
34.07875 0.31865184324601914 0.3333
34.08125 0.4370847156605134 0.6667
34.08375 0.6771185305800669 0.3333
34.08625 1.0148541743438697 0.6667
34.08875 1.4271615437587704 2.3333
34.09125 1.8919794249929915 2.3333
34.09375 2.3885822609075693 2.6667
34.09625 2.8978109637377143 3.0
34.098749999999995 3.4022656523110717 2.3333
34.10125 3.8864589153042326 1.3333
34.10375 4.336928936401463 4.6667
34.106249999999996 4.742312517294671 5.6667
34.10875 5.093378734827644 5.0
34.11125 5.383024594779446 4.3333
34.113749999999996 5.606234664286161 5.6667
34.11625 5.76000718402673 2.6667
34.11875 5.84324965373359 3.3333
34.121249999999996 5.856647281644566 7.0
34.12375 5.8025080140364445 5.6667
34.12625 5.684588114229593 5.3333
34.12875 5.507902430812409 5.3333
34.13125 5.278523572684561 3.6667
34.13375 5.0033742317942576 3.6667
34.13625 4.690016798789118 4.3333
34.13875 4.346444309579947 2.3333
34.14125 3.980876513111176 4.0
34.14375 3.6015646026273047 3.6667
34.14625 3.2166078247291887 3.3333
34.14875 2.8337847895038624 4.3333
34.15125 2.4604019187495783 0.3333
34.15375 2.1031610135549874 2.0
34.15625 1.7680474734257723 0.6667
34.15875 1.4602402248067452 1.3333
34.161249999999995 1.1840439566192984 1.3333
34.16375 0.9428437956955297 0.3333
34.16625 0.7390821101761953 0.6667
34.168749999999996 0.5742567182608269 0.3333
34.17125 0.44893938773538633 0.6667
34.17375 0.36281316633029936 0.0
34.176249999999996 0.3147267791090599 0.6667
34.17875 0.30276407237375524 0.0
34.18125 0.3243262783022756 0.6667
34.183749999999996 0.37622472226073667 0.6667
34.18625 0.4547814971806889 0.6667
34.18875 0.5559355830157426 0.3333
34.19125 0.6753518992629848 1.0
34.19375 0.8085308352530428 1.0
34.19625 0.9509159085126955 0.6667
34.19875 1.097997350709647 2.3333
34.20125 1.245409604855125 1.3333
34.20375 1.389020941186005 1.0
34.20625 1.5250136420068774 1.3333
34.20875 1.6499534763793042 1.6667
34.21125 1.7608474694829346 1.0
34.21375 1.8551892592029913 2.0
34.21625 1.9309916320933183 2.0
34.21875 1.9868061143083346 2.0
34.22125 2.0217297801067726 3.0
34.223749999999995 2.0353997015433434 3.3333
34.22625 2.027975705699366 2.0
34.22875 2.000112338784275 1.3333
34.231249999999996 1.9529211101198691 2.6667
34.23375 1.8879242730258001 2.0
34.23625 1.8070015137571758 1.6667
34.238749999999996 1.7123310189501368 1.3333
34.24125 1.6063264563725776 1.3333
34.24375 1.4915714229211539 2.6667
34.246249999999996 1.3707529089808734 0.6667
34.24875 1.24659528215207 1.3333
34.25125 1.121796227369581 1.3333
34.25375 0.9989659733788954 1.3333
34.25625 0.8805710157597606 1.0
34.25875 0.768883397497534 0.0
34.26125 0.6659364463304316 1.0
34.26375 0.5734876913348845 0.3333
34.26625 0.49298949537013065 0.6667
34.26875 0.4255677507671787 1.0
34.27125 0.3720087951125376 0.0
34.27375 0.33275451612192575 0.3333
34.27625 0.30790543821478566 0.6667
34.27875 0.2972314134062356 0.0
34.28125 0.3001893864274585 0.3333
34.28375 0.31594756813446356 0.0
34.286249999999995 0.3434152343738502 0.3333
34.28875 0.38127727187806454 0.6667
34.29125 0.4280325209676006 1.0
34.293749999999996 0.48203491470322146 0.6667
34.29625 0.5415363893908133 1.0
34.29875 0.6047305389110151 0.3333
34.301249999999996 0.6697960058338132 1.3333
34.30375 0.7349386445133941 0.6667
34.30625 0.7984315531285013 1.0
34.308749999999996 0.8586521517326515 0.6667
34.31125 0.9141155739161456 0.3333
34.31375 0.9635037565441413 0.6667
34.31625 1.0056897183273446 2.3333
34.31875 1.0397566511970162 1.3333
34.32125 1.0650115744110131 1.3333
34.32375 1.0809934279622953 1.0
34.32625 1.0874756184676957 0.6667
34.32875 1.0844631431254865 1.0
34.33125 1.0721845449918583 0.3333
34.33375 1.0510790521115034 0.6667
34.33625 1.0217793547092329 1.0
34.33875 0.9850905488854973 0.6667
34.34125 0.9419658588031793 1.3333
34.34375 0.8934797803044582 1.3333
34.34625 0.8407993468946986 0.0
34.348749999999995 0.7851542239296982 0.6667
34.35125 0.7278063439784472 0.3333
34.35375 0.670019789282176 0.0
34.356249999999996 0.6130315907744361 0.3333
34.35875 0.5580240756430745 0.6667
34.36125 0.5060993423081112 0.0
34.363749999999996 0.4582563698858453 0.6667
34.36625 0.4153712013214202 0.6667
34.36875 0.3781805498450994 0.0
34.371249999999996 0.34726909560248453 0.0
34.37375 0.32306064491072306 0.3333
34.37625 0.3058132342440189 0.6667
34.37875 0.29561816887749887 0.6667
34.38125 0.29240289772199546 0.0
34.38375 0.2959375435928816 0.0
34.38625 0.3058448294417601 0.0
34.38875 0.3216130747980786 0.3333
34.39125 0.34261187446372104 0.6667
34.39375 0.3681100255976361 0.6667
34.39625 0.39729522847642695 0.6667
34.39875 0.4292950629446315 1.0
34.40125 0.46319872678721763 0.0
34.40375 0.49807902043828556 0.6667
34.40625 0.5330140723377605 1.3333
34.40875 0.5671083191940415 1.0
34.411249999999995 0.5995122870209361 0.3333
34.41375 0.6294407573022752 1.3333
34.41625 0.6561889535385926 0.0
34.418749999999996 0.6791464364271897 0.6667
34.42125 0.6978084550987802 0.6667
34.42375 0.7117845728091572 0.0
34.426249999999996 0.7208044424056888 0.0
34.42875 0.7247206839966431 0.6667
34.43125 0.723508877960704 0.0
34.433749999999996 0.7172647514667068 0.3333
34.43625 0.7061987057911059 0.6667
34.43875 0.6906278709777252 0.3333
34.44125 0.6709659472294203 0.3333
34.44375 0.6477111150403558 0.3333
34.44625 0.6214323420358789 1.0
34.44875 0.5927544463725236 1.3333
34.45125 0.5623422787757906 0.3333
34.45375 0.5308844154043784 0.6667
34.45625 0.4990767380337554 0.3333
34.45875 0.4676062794535022 0.3333
34.46125 0.4371356947418331 0.3333
34.46375 0.4082886906462452 0.3333
34.46625 0.3816367234769323 0.3333
34.46875 0.3576872296534094 0.6667
34.47125 0.3368736189745966 0.3333
34.473749999999995 0.3195472111614026 0.0
34.47625 0.30597124893328687 0.6667
34.47875 0.2963170695505994 0.0
34.481249999999996 0.29066246714022403 0.6667
34.48375 0.28899222733109065 0.0
34.48625 0.2912007668669961 0.3333
34.488749999999996 0.2970967651786317 0.3333
34.49125 0.30640963318815323 0.3333
34.49375 0.3187976265864585 0.0
34.496249999999996 0.3338573787762532 0.3333
34.49875 0.35113460184163303 0.0
34.50125 0.37013568470565966 1.3333
34.50375 0.3903399034384906 0.6667
34.50625 0.41121195126337495 0.6667
34.50875 0.43221449779186416 0.6667
34.51125 0.45282049120925877 0.6667
34.51375 0.47252493196394174 0.6667
34.51625 0.4908558634353085 1.0
34.51875 0.507384349298462 1.0
34.52125 0.5217332369592129 0.6667
34.52375 0.5335845372681427 0.3333
34.52625 0.5426852864523661 0.0
34.52875 0.5488517929673531 0.3333
34.53125 0.5519722115838452 0.6667
34.53375 0.5520074291154629 0.3333
34.536249999999995 0.5489902737411678 0.0
34.53875 0.5430231142606479 0.3333
34.54125 0.5342739353227861 0.3333
34.543749999999996 0.522971012095113 1.0
34.54625 0.5093963415902135 0.6667
34.54875 0.493878005805956 0.0
34.551249999999996 0.47678166084229134 0.3333
34.55375 0.45850137005895975 0.3333
34.55625 0.43944999803162954 0.0
34.558749999999996 0.4200493961556567 0.0
34.56125 0.4007206039422851 0.0
34.56375 0.38187428830393744 0.3333
34.56625 0.36390163028012584 0.3333
34.56875 0.3471658561213701 0.3333
34.57125 0.3319945887066803 0.0
34.57375 0.31867317347107915 0.0
34.57625 0.3074391086601843 0.6667
34.57875 0.2984776801619342 0.6667
34.58125 0.2919188734678347 0.0
34.58375 0.28783560397812735 0.3333
34.58625 0.28624327696493607 0.0
34.58875 0.2871006570928758 0.3333
34.59125 0.29031200103864946 0.0
34.59375 0.29573037582615036 1.0
34.59625 0.3031620639830869 0.6667
34.598749999999995 0.31237193134328956 0.3333
34.60125 0.3230896173194876 0.6667
34.60375 0.3350163892391612 0.6667
34.606249999999996 0.3478324932140399 0.3333
34.60875 0.361204824759867 0.6667
34.61125 0.37479473979681743 0.0
34.613749999999996 0.38826582796494236 1.3333
34.61625 0.4012914724176875 0.3333
34.61875 0.41356203325507906 0.3333
34.621249999999996 0.42479149776031166 0.3333
34.62375 0.4347234616102504 1.0
34.62625 0.44313631845125523 1.3333
34.62875 0.44984756027395995 0.0
34.63125 0.4547171071235834 0.0
34.63375 0.45764961437245066 0.0
34.63625 0.4585957248057223 0.3333
34.63875 0.4575522596991043 0.3333
34.64125 0.45456136688816384 1.0
34.64375 0.449708665690727 0.6667
34.64625 0.4431204508667795 0.0
34.64875 0.43496003747534584 1.0
34.65125 0.4254233454909021 0.6667
34.65375 0.4147338408717036 0.3333
34.65625 0.40313695579081166 0.0
34.65875 0.39089412691208947 0.0
34.661249999999995 0.37827659132994446 0.0
34.66375 0.36555908496009554 0.0
34.66625 0.3530135849958207 0.3333
34.668749999999996 0.3409032382259286 0.6667
34.67125 0.3294766052861669 0.0
34.67375 0.318962344430447 0.3333
34.676249999999996 0.3095644456664083 0.3333
34.67875 0.3014581103082887 1.6667
34.68125 0.2947863558063751 0.3333
34.683749999999996 0.2896574080592994 0.0
34.68625 0.2861429236121739 0.0
34.68875 0.28427706586704615 0.3333
34.69125 0.28405643894474475 0.0
34.69375 0.2854408650111536 0.3333
34.69625 0.28835497000141486 0.0
