32.701 0.5254753192940724 0.6667
32.703 0.5263142155619567 0.3333
32.705 0.5255279941289772 1.0
32.707 0.5231666769835048 1.0
32.709 0.5193099115659057 0.6667
32.711 0.5140662554387603 0.6667
32.713 0.5075719602224786 1.3333
32.715 0.49998927160697926 0.0
32.717 0.4915042590079662 1.6667
32.719 0.48232420624082273 1.6667
32.721000000000004 0.4726745973589669 0.3333
32.723 0.4627957405575903 0.0
32.725 0.45293908030764096 0.6667
32.727000000000004 0.4433632488295486 1.0
32.729 0.43432992660977765 0.6667
32.731 0.4260995666815484 0.6667
32.733 0.4189270593826706 0.0
32.735 0.4130574034898844 1.3333
32.737 0.40872145839725604 0.0
32.739 0.4061318477059476 0.0
32.741 0.40547908643954367 0.6667
32.743 0.4069280004172954 0.3333
32.745 0.4106145017897314 0.3333
32.747 0.41664278311214753 1.0
32.749 0.42508298347290174 1.0
32.751 0.4359693754497224 1.6667
32.753 0.4492991160393717 1.3333
32.755 0.46503158937945177 0.6667
32.757 0.48308836779169295 0.3333
32.759 0.5033538081033724 0.6667
32.761 0.5256762791165047 1.6667
32.763 0.5498700230020175 1.3333
32.765 0.5757176265589046 0.6667
32.767 0.6029730827142961 1.3333
32.769 0.6313653994742199 1.0
32.771 0.6606027127798642 1.3333
32.773 0.6903768498104484 0.6667
32.775 0.720368275600352 0.6667
32.777 0.7502513537899089 0.6667
32.779 0.7796998457325068 0.3333
32.781 0.8083925596108681 1.3333
32.783 0.8360190711076125 1.6667
32.785000000000004 0.862285416687476 0.6667
32.787 0.8869196760483622 1.6667
32.789 0.909677347190951 0.6667
32.791000000000004 0.9303464266396491 0.6667
32.793 0.9487521058158848 1.3333
32.795 0.9647610071914436 1.0
32.797 0.9782848696124025 1.6667
32.799 0.9892836298047816 0.6667
32.801 0.9977678234747369 1.3333
32.803 1.0038002637480463 1.3333
32.805 1.0074969464675776 2.3333
32.807 1.0090271612078523 0.6667
32.809 1.0086127775304805 1.6667
32.811 1.0065267122530583 1.6667
32.813 1.0030905739135187 1.3333
32.815 0.9986715127585732 1.0
32.817 0.9936783031243703 2.0
32.819 0.98855670600223 0.3333
32.821 0.9837841714888556 1.3333
32.823 0.9798639494564088 0.3333
32.825 0.9773186908379132 0.6667
32.827 0.9766836297148496 1.6667
32.829 0.9784994499849824 1.3333
32.831 0.9833049385183585 1.6667
32.833 0.9916295484081652 1.6667
32.835 1.0039859840816092 1.3333
32.837 1.0208629355684653 2.3333
32.839 1.0427180853805074 2.6667
32.841 1.069971511237602 0.6667
32.843 1.1029996135009568 1.3333
32.845 1.142129675152553 3.6667
32.847 1.187635178747396 3.6667
32.849000000000004 1.2397319893147085 1.6667
32.851 1.2985754939117922 2.0
32.853 1.3642587931935273 2.0
32.855000000000004 1.4368120305322314 1.6667
32.857 1.5162029189530253 5.0
32.859 1.6023385299905235 2.6667
32.861 1.6950683843273255 3.3333
32.863 1.7941888793548109 2.3333
32.865 1.899449074521332 0.3333
32.867 2.0105578412346 0.6667
32.869 2.127192376375757 2.6667
32.871 2.249008069901714 3.0
32.873 2.3756497006640176 2.6667
32.875 2.5067639503980073 3.6667
32.877 2.6420131954098838 2.3333
32.879 2.781090566580132 3.6667
32.881 2.923736249512024 3.6667
32.883 3.0697550199931154 4.0
32.885 3.2190350426423797 3.6667
32.887 3.3715679463495354 5.0
32.889 3.5274702687470145 4.3333
32.891 3.687006385059141 5.6667
32.893 3.8506130969679413 6.3333
32.895 4.018926151919169 4.0
32.897 4.192809033288833 4.3333
32.899 4.3733845242251865 5.3333
32.901 4.562069678944277 3.6667
32.903 4.760615051543718 6.6667
32.905 4.971149296551109 6.0
32.907000000000004 5.196230592306968 10.0
32.909 5.4389067525156545 8.3333
32.911 5.702786507738257 5.6667
32.913000000000004 5.9921251177646795 5.6667
32.915 6.3119285264639595 8.6667
32.917 6.668081549365393 9.3333
32.919000000000004 7.067507398817409 12.3333
32.921 7.518368268020844 10.6667
32.923 8.030320079419239 10.3333
32.925 8.614839193937689 10.3333
32.927 9.285645515170522 10.6667
32.929 10.059255946756918 14.3333
32.931 10.955715951511278 14.0
32.933 11.99957730323766 15.6667
32.935 13.221220639241567 18.3333
32.937 14.658667709718072 26.0
32.939 16.3601004211555 21.6667
32.941 18.387417878127486 24.3333
32.943 20.82134780482504 29.0
32.945 23.768936534806723 30.3333
32.947 27.374767871341767 39.3333
32.949 31.838188911043858 42.3333
32.951 37.440515300643 58.0
32.953 44.589408910018044 58.3333
32.955 53.894028005816494 74.6667
32.957 66.29799167917831 92.0
32.959 83.32721285369628 133.3333
32.961 107.58185018559499 169.6667
32.963 143.79181257632564 254.3333
32.965 201.31660544376493 367.3333
32.967 300.8908766170351 544.3333
32.969 496.45806778767343 957.3333
32.971000000000004 968.3981427735683 2039.6666
32.973 2680.441291569018 6697.6665
32.975 37210.861138091175 36461.668
32.977000000000004 63102.06433218823 67815.0
32.979 3340.3565720661977 21254.0
32.981 1103.6358334852966 2960.3333
32.983000000000004 547.0180736795679 932.3333
32.985 326.2021002021011 452.3333
32.987 216.5474319887881 278.6667
32.989 154.24570829500328 173.3333
32.991 115.50674800096414 122.0
32.993 89.80802976052233 87.6667
32.995 71.90870379844884 78.0
32.997 58.95891797374517 62.3333
32.999 49.30022738314304 52.0
33.001 41.913870759760584 43.0
33.003 36.14574367313471 40.0
33.005 31.560105067420373 29.6667
33.007 27.85747892589896 25.0
33.009 24.826461487617134 27.6667
33.011 22.314325370306218 22.6667
33.013 20.20848545800159 23.3333
33.015 18.424470566839013 16.6667
33.017 16.89791589857454 15.6667
33.019 15.579110142186193 14.3333
33.021 14.429206027195347 12.0
33.023 13.41753802707098 10.3333
33.025 12.519691567466454 9.6667
33.027 11.716091514073629 8.0
33.029 10.990955233677063 10.3333
33.031 10.331505434886024 7.0
33.033 9.72737054385705 11.6667
33.035000000000004 9.17012219410001 10.0
33.037 8.652914045221907 8.3333
33.039 8.170196357546292 10.6667
33.041000000000004 7.717487691915374 8.0
33.043 7.291190198037808 7.0
33.045 6.88843840378292 6.3333
33.047 6.506974059359815 7.0
33.049 6.145041426897621 5.3333
33.051 5.801298797798312 4.0
33.053 5.474743041003823 7.0
33.055 5.164644745777611 4.6667
33.057 4.8704921033882105 5.0
33.059 4.5919421212661975 4.0
33.061 4.328778059093637 4.6667
33.063 4.080872258129167 3.6667
33.065 3.8481537222381665 2.3333
33.067 3.630579932960989 4.6667
33.069 3.4281125090929097 4.0
33.071 3.2406964015822655 4.0
33.073 3.0682423591853007 4.6667
33.075 2.910612458229621 4.3333
33.077 2.767608508610205 4.3333
33.079 2.638963172466305 2.3333
33.081 2.5243336421805465 2.0
33.083 2.423297724177941 3.3333
33.085 2.335352182687511 3.3333
33.087 2.259913186771473 2.3333
33.089 2.196318706858997 2.6667
33.091 2.1438326915617627 1.6667
33.093 2.101650853568732 3.6667
33.095 2.0689078850371043 2.6667
33.097 2.0446859168929192 2.0
33.099000000000004 2.0280240275924646 2.6667
33.101 2.0179286058289603 1.3333
33.103 2.0133843647851912 2.3333
33.105000000000004 2.013365809597166 2.6667
33.107 2.016848956572178 2.0
33.109 2.022823105368272 4.0
33.111 2.0303024731796095 0.6667
33.113 2.0383375068874874 1.6667
33.115 2.0460256918928246 2.6667
33.117 2.052521702426614 2.3333
33.119 2.057046729796641 2.3333
33.121 2.058896864721559 2.0
33.123 2.0574504033790584 3.6667
33.125 2.0521739808842927 2.6667
33.127 2.0426274478193815 0.6667
33.129 2.0284674239327702 2.0
33.131 2.0094494924728545 2.0
33.133 1.9854290038345803 2.6667
33.135 1.9563604943610056 2.0
33.137 1.9222957387333564 1.6667
33.139 1.8833804673164911 1.0
33.141 1.8398498219410506 1.6667
33.143 1.7920226078331778 1.0
33.145 1.7402944500288868 3.0
33.147 1.6851299580354677 1.0
33.149 1.6270540155317996 1.6667
33.151 1.566642337215325 1.3333
33.153 1.5045114329746863 1.0
33.155 1.4413081279651938 0.3333
33.157000000000004 1.3776987978075241 1.6667
33.159 1.3143584773579373 1.3333
33.161 1.251960002779005 0.3333
33.163000000000004 1.1911633409166964 1.6667
33.165 1.132605267579301 3.0
33.167 1.076889531127627 0.6667
33.169000000000004 1.0245776524659715 0.0
33.171 0.9761804777346623 1.0
33.173 0.9321506100768935 2.0
33.175 0.8928758164550192 0.6667
33.177 0.8586734994391845 0.6667
33.179 0.8297863055047539 1.6667
33.181 0.806378919856815 1.6667
33.183 0.7885360885745198 1.3333
33.185 0.776261881039906 1.3333
33.187 0.7694801931151669 0.3333
33.189 0.7680364725051683 0.3333
33.191 0.7717006269725413 1.0
33.193 0.7801710615890922 0.0
33.195 0.7930797754086489 1.0
33.197 0.8099984282350943 1.3333
33.199 0.8304452824731288 0.6667
33.201 0.8538929016111858 0.6667
33.203 0.8797764892544242 0.6667
33.205 0.907502734369203 1.0
33.207 0.9364590233909693 1.0
33.209 0.966022882192932 1.3333
33.211 0.9955714974129397 1.3333
33.213 1.024491178914267 1.6667
33.215 1.0521866122550223 1.6667
33.217 1.0780897730747052 1.3333
33.219 1.1016683599366912 1.0
33.221000000000004 1.1224336303340046 0.6667
33.223 1.1399475179899092 1.0
33.225 1.1538289340713463 1.3333
33.227000000000004 1.1637591559382363 0.6667
33.229 1.1694862355947822 1.0
33.231 1.1708283561619457 2.0
33.233000000000004 1.1676761038710568 1.6667
33.235 1.1599936173691676 1.3333
33.237 1.1478186097605152 1.3333
33.239 1.1312612648579528 0.3333
33.241 1.110502036034628 0.6667
33.243 1.0857883822144117 0.3333
33.245 1.0574304991267673 0.6667
33.247 1.0257961132656153 1.6667
33.249 0.9913044264707402 1.0
33.251 0.9544193043420697 1.6667
33.253 0.9156418152035339 1.3333
33.255 0.8755022405555022 1.3333
33.257 0.8345516749804356 1.0
33.259 0.7933533508218624 1.0
33.261 0.7524738167535281 0.6667
33.263 0.7124741074309573 0.6667
33.265 0.6739010381065207 0.0
33.267 0.6372787564012359 1.3333
33.269 0.6031006773364016 0.6667
33.271 0.5718219261195301 0.6667
33.273 0.543852398258917 0.0
33.275 0.5195505431676151 0.6667
33.277 0.4992179615018569 1.3333
33.279 0.48309489676516304 1.6667
33.281 0.4713566859499915 0.3333
33.283 0.4641112208128471 0.6667
33.285000000000004 0.4613974548589699 0.0
33.287 0.46318497487831095 0.6667
33.289 0.4693746408222732 1.6667
33.291000000000004 0.47980028098505334 1.0
33.293 0.4942314135262884 0.6667
33.295 0.5123769490903254 0.3333
33.297 0.5338898172933636 2.3333
33.299 0.5583724408386026 1.3333
33.301 0.585382975423363 0.0
33.303 0.6144422145834323 1.0
33.305 0.6450410553454713 0.6667
33.307 0.6766484074229384 1.6667
33.309 0.7087194259606098 0.0
33.311 0.7407039401793498 0.6667
33.313 0.772054948792867 1.0
33.315 0.80223705418883 1.3333
33.317 0.8307347040290896 0.0
33.319 0.8570601173536141 0.3333
33.321 0.8807607719092032 0.6667
33.323 0.9014263430604601 1.3333
33.325 0.918694983562679 0.0
33.327 0.9322588549757258 0.6667
33.329 0.9418688232822228 0.6667
33.331 0.9473382493616838 0.6667
33.333 0.9485458168046936 0.6667
33.335 0.9454373568061956 1.3333
33.337 0.9380266382191131 0.0
33.339 0.9263951189943962 1.0
33.341 0.9106906556140535 2.6667
33.343 0.8911251958502096 1.6667
33.345 0.8679714895912942 0.0
33.347 0.8415588662188804 0.0
33.349000000000004 0.8122681450879363 1.0
33.351 0.7805257572903486 1.3333
33.353 0.7467971658004624 0.6667
33.355000000000004 0.7115796881731906 1.0
33.357 0.675394827158999 1.3333
33.359 0.6387802283870082 0.3333
33.361 0.6022813881506299 0.6667
33.363 0.5664432348961206 1.0
33.365 0.5318017160940842 1.3333
33.367 0.49887551495033505 2.0
33.369 0.4681580276999298 1.0
33.371 0.44010971879048844 0.3333
33.373 0.415150975340727 0.6667
33.375 0.3936555670472718 0.0
33.377 0.3759448132714245 0.0
33.379 0.3622825462176501 1.6667
33.381 0.35287094768532223 0.6667
33.383 0.3478473244747761 0.3333
33.385 0.3472818723120825 0.3333
33.387 0.3511764631347724 1.0
33.389 0.35946447687675276 0.3333
33.391 0.37201168058857575 1.0
33.393 0.3886181447480106 0.3333
33.395 0.4090211668526495 0.0
33.397 0.4328991631344113 0.6667
33.399 0.45987646773438756 0.0
33.401 0.48952896985626604 0.6667
33.403 0.5213905042206195 0.3333
33.405 0.554959900773215 0.3333
33.407000000000004 0.5897085847807975 1.6667
33.409 0.6250886170441348 0.6667
33.411 0.6605410500790407 1.3333
33.413000000000004 0.6955044751629345 1.0
33.415 0.7294236319932972 1.3333
33.417 0.7617579489695712 0.6667
33.419 0.7919898838266228 0.0
33.421 0.8196329409743632 1.0
33.423 0.8442392384142083 2.0
33.425 0.8654065108688358 0.6667
33.427 0.882784440970545 1.3333
33.429 0.8960802213072396 0.3333
33.431 0.9050632558428238 0.6667
33.433 0.9095689355511598 0.6667
33.435 0.9095014173740206 0.3333
33.437 0.9048353705033845 1.3333
33.439 0.8956166528119731 1.6667
33.441 0.881961908992511 0.6667
33.443 0.8640570858925793 1.6667
33.445 0.8421548910870156 0.3333
33.447 0.8165712238684106 0.3333
33.449 0.7876806281809787 0.6667
33.451 0.7559108369862919 0.6667
33.453 0.7217364809463189 0.6667
33.455 0.6856720588217264 0.6667
33.457 0.6482642668263818 1.0
33.459 0.6100838038532627 0.6667
33.461 0.5717167745116865 0.6667
33.463 0.5337558137869007 0.6667
33.465 0.4967910701482144 0.3333
33.467 0.4614011810542329 0.0
33.469 0.42814437615252887 0.0
33.471000000000004 0.39754984383109393 0.3333
33.473 0.3701094934639107 1.0
33.475 0.3462702374794215 0.6667
33.477000000000004 0.32642691374439825 0.6667
33.479 0.31091595840253566 0.0
33.481 0.30000992722432523 0.0
33.483000000000004 0.2939129536854608 0.6667
33.485 0.29275721717403325 1.0
33.487 0.296600479145034 0.3333
33.489 0.3054247318987544 0.6667
33.491 0.31913598504776414 0.0
33.493 0.33756520100285725 0.0
33.495 0.36047037079869476 0.6667
33.497 0.3875397072501928 0.3333
33.499 0.41839591345038607 0.3333
33.501 0.45260146862436856 0.0
33.503 0.48966486004481385 0.3333
33.505 0.5290476714716048 0.6667
33.507 0.5701724288215257 1.3333
33.509 0.612431089330866 0.6667
33.511 0.6551940512827142 0.3333
33.513 0.6978195534247729 1.0
33.515 0.7396633253185445 1.3333
33.517 0.7800883453903427 2.0
33.519 0.8184745620943652 0.3333
33.521 0.8542284319215216 0.6667
33.523 0.8867921303839277 0.3333
33.525 0.9156522965298115 2.0
33.527 0.9403481743704742 0.6667
33.529 0.9604790283404998 0.6667
33.531 0.9757107152358979 1.3333
33.533 0.9857813055260274 1.0
33.535000000000004 0.9905056685368268 1.0
33.537 0.989778937083349 1.3333
33.539 0.9835788005801727 1.0
33.541000000000004 0.9719665731499778 1.0
33.543 0.9550870190896719 1.6667
33.545 0.9331669230702078 0.6667
33.547 0.906512418264545 1.0
33.549 0.8755051003090557 1.3333
33.551 0.8405969764566112 0.6667
33.553 0.8023043145183744 0.6667
33.555 0.7612004713381753 0.3333
33.557 0.71790780221281 0.6667
33.559 0.6730887603579881 2.0
33.561 0.6274363133328144 0.6667
33.563 0.5816638106382837 0.3333
33.565 0.5364944503889642 0.3333
33.567 0.4926504952948218 0.3333
33.569 0.4508423970019672 0.3333
33.571 0.4117579887007409 1.0
33.573 0.37605190719553827 0.3333
33.575 0.3443354030748078 0.3333
33.577 0.3171666935527999 1.0
33.579 0.2950420072713154 1.0
33.581 0.27838745875229287 0.6667
33.583 0.2675518828718025 0.3333
33.585 0.2628007441212368 0.0
33.587 0.26431122157531745 1.3333
33.589 0.2721685553256366 1.0
33.591 0.2863637207361438 0.3333
33.593 0.3067924796001762 0.6667
33.595 0.33325583618372445 0.6667
33.597 0.36546190793251343 0.3333
33.599000000000004 0.4030291972351423 0.6667
33.601 0.4454912324939981 0.6667
33.603 0.4923025254149075 0.6667
33.605000000000004 0.5428457711910295 2.0
33.607 0.5964402003483846 0.3333
33.609 0.652350972257665 1.3333
33.611 0.7097994845286699 0.6667
33.613 0.767974458176389 2.0
33.615 0.8260436436047061 0.3333
33.617 0.883165985087919 0.6667
33.619 0.938504069166783 1.0
33.621 0.9912366788585398 0.6667
33.623 1.0405712714875053 1.0
33.625 1.0857561954427406 1.6667
33.627 1.1260924655508293 0.6667
33.629 1.1609449170375359 1.3333
33.631 1.1897525703124752 1.3333
33.633 1.2120380416190557 1.0
33.635 1.2274158528661527 1.3333
33.637 1.2355995025038495 0.6667
33.639 1.2364071800886882 0.0
33.641 1.2297660218896267 1.3333
33.643 1.21571482509208 0.6667
33.645 1.1944051627832963 2.3333
33.647 1.1661008581161723 1.6667
33.649 1.1311758047230678 1.6667
33.651 1.0901101410973713 1.3333
33.653 1.0434848107031693 1.3333
33.655 0.9919745639200532 0.6667
33.657000000000004 0.9363394804320524 1.0
33.659 0.877415114329807 1.3333
33.661 0.8161013808582396 1.0
33.663000000000004 0.7533503324137216 0.3333
33.665 0.6901529773612989 1.0
33.667 0.6275253229750372 1.3333
33.669 0.5664938282275275 2.0
33.671 0.5080804691890858 1.6667
33.673 0.4532876258456102 0.6667
33.675 0.40308300434643096 1.3333
33.677 0.35838481347658757 0.0
33.679 0.3200474116285393 0.3333
33.681 0.28884763869510793 1.6667
33.683 0.26547204021554094 1.0
33.685 0.2505051818448089 1.0
33.687 0.2444192397199298 1.6667
33.689 0.24756503744379083 1.0
33.691 0.26016468257327063 0.3333
33.693 0.28230593512008073 0.3333
33.695 0.3139384187666202 1.0
33.697 0.354871760605691 1.0
33.699 0.4047757204996679 0.0
33.701 0.46318234303317557 1.6667
33.703 0.5294901380590906 1.0
33.705 0.6029702672090296 0.3333
33.707 0.6827746843230864 1.0
33.709 0.7679461519740418 0.0
33.711 0.8574300251317188 0.6667
33.713 0.9500876699721481 0.6667
33.715 1.044711357622478 0.6667
33.717 1.1400404527450616 0.6667
33.719 1.2347786898003141 1.3333
33.721000000000004 1.3276123211195492 1.6667
33.723 1.4172288905965278 1.0
33.725 1.5023363882409995 2.0
33.727000000000004 1.5816825212430676 0.3333
33.729 1.65407383383668 1.3333
33.731 1.7183944066454007 1.6667
33.733000000000004 1.7736238632169463 1.6667
33.735 1.8188544218766058 0.6667
33.737 1.8533067297891743 2.3333
33.739 1.876344238057238 2.0
33.741 1.8874858848959315 2.3333
33.743 1.8864168734382567 1.3333
33.745 1.8729973559641704 3.3333
33.747 1.8472688561784565 4.0
33.749 1.8094582924587903 2.6667
33.751 1.759979491804091 1.3333
33.753 1.699432118892772 2.0
33.755 1.628597974457211 2.0
33.757 1.5484346538749947 0.0
33.759 1.4600665941688116 1.3333
33.761 1.364773567999528 2.6667
33.763 1.2639767226158027 1.0
33.765 1.1592222981975342 1.3333
33.767 1.0521631883020304 2.0
33.769 0.9445385436300202 1.0
33.771 0.8381516461535423 1.6667
33.773 0.7348463130877907 1.6667
33.775 0.6364821107760462 1.6667
33.777 0.5449086848258413 1.6667
33.779 0.46193952965908414 0.0
33.781 0.38932553565623806 0.0
33.783 0.3287286631704392 0.6667
33.785000000000004 0.28169609935639406 0.3333
33.787 0.24963525637622153 0.0
33.789 0.23378996577320335 0.6667
33.791000000000004 0.23521821881984 0.6667
33.793 0.2547717898697809 0.3333
33.795 0.2930780637239604 2.3333
33.797 0.350524368805602 0.0
33.799 0.42724509187034465 0.6667
33.801 0.5231118223490793 1.3333
33.803 0.6377267416732826 0.3333
33.805 0.770419438238481 0.0
33.807 0.9202472877969767 0.6667
33.809 1.0859995008832624 1.0
33.811 1.2662048937386212 0.3333
33.813 1.4591433940007952 0.6667
33.815 1.6628612481126734 1.3333
33.817 1.8751898501475377 1.6667
33.819 2.093768064861679 2.3333
33.821 2.3160678722041124 1.3333
33.823 2.539423117456469 1.0
33.825 2.7610611042115965 3.6667
33.827 2.9781367327893573 2.3333
33.829 3.1877688411207474 1.3333
33.831 3.387078379583801 3.0
33.833 3.573228008978685 2.6667
33.835 3.7434626975658922 2.0
33.837 3.8951508565538653 2.6667
33.839 4.0258255486172745 3.6667
33.841 4.1332252844202255 2.6667
33.843 4.215333913690243 4.0
33.845 4.270419124052684 4.0
33.847 4.2970690594438326 4.0
33.849000000000004 4.294226575679535 3.3333
33.851 4.26122067754602 5.0
33.853 4.197794691321381 4.0
33.855000000000004 4.10413076040621 4.3333
33.857 3.980870278997358 5.6667
33.859 3.8291299188923165 4.0
33.861 3.650512940261488 3.0
33.863 3.4471155271403466 6.0
33.865 3.2215279353651467 3.3333
33.867 2.9768302900884898 3.3333
33.869 2.716582930347831 2.6667
33.871 2.4448112480483197 3.0
33.873 2.165985033375411 3.0
33.875 1.8849923910569437 1.0
33.877 1.6071083615128157 2.0
33.879 1.337958426029964 2.3333
33.881 1.0834771472394775 2.3333
33.883 0.8498622434671956 1.3333
33.885 0.6435244523463648 1.3333
33.887 0.47103359220547847 0.6667
33.889 0.33906127438427586 1.3333
33.891 0.25432076541214255 2.3333
33.893 0.22350453617822372 0.6667
33.895 0.2532200699711876 0.6667
33.897 0.34992452809977326 0.6667
33.899 0.5198588970244731 0.6667
33.901 0.7689822543337195 0.6667
33.903 1.1029068033096807 0.6667
33.905 1.5268343273312748 1.3333
33.907000000000004 2.0454947130074155 2.0
33.909 2.663087180150004 2.0
33.911 3.383224838187023 2.0
33.913000000000004 4.208883169661165 3.6667
33.915 5.142353003258573 4.3333
33.917 6.185198511017966 3.3333
33.919 7.338220714933008 7.0
33.921 8.601426946750376 5.6667
33.923 9.974006643848169 9.3333
33.925 11.454313817197198 6.0
33.927 13.039856456167705 12.6667
33.929 14.727293075333733 11.0
33.931 16.512436545410086 10.6667
33.933 18.39026526837518 15.6667
33.935 20.354941703876666 14.6667
33.937 22.39983816947719 19.3333
33.939 24.517569771259556 21.3333
33.941 26.700034256668005 22.0
33.943 28.938458503846878 24.6667
33.945 31.22345130984523 27.0
33.947 33.54506206589946 27.6667
33.949 35.892844847784545 33.0
33.951 38.2559274257698 30.6667
33.953 40.62308458754909 32.6667
33.955 42.98281521020689 29.0
33.957 45.3234223862982 38.3333
33.959 47.63309595279907 41.0
33.961 49.89999672325031 47.0
33.963 52.11234166177395 49.3333
33.965 54.25848931656412 49.3333
33.967 56.327024738803715 51.3333
33.969 58.306843167318355 47.0
33.971000000000004 60.187231754987025 52.0
33.973 61.957948631200686 59.3333
33.975 63.60929861031403 58.0
33.977000000000004 65.13220490574318 60.6667
33.979 66.51827622750055 59.3333
33.981 67.75986868398199 64.6667
33.983000000000004 68.85014197467636 59.3333
33.985 69.78310938778863 57.0
33.987 70.5536811926382 71.0
33.989 71.15770106135189 60.0
33.991 71.59197523493232 66.3333
33.993 71.85429419327915 61.0
33.995 71.94344667740638 60.3333
33.997 71.85922596367813 58.0
33.999 71.60242836965168 61.3333
34.001 71.17484403428689 60.0
34.003 70.57924008841445 57.6667
34.005 69.81933639117987 55.0
34.007 68.8997740804279 51.0
34.009 67.82607724441701 62.3333
34.011 66.60460807467605 58.3333
34.013 65.24251593067184 50.0
34.015 63.747680774991835 57.3333
34.017 62.128651512300834 48.3333
34.019 60.39457977560224 50.6667
34.021 58.555149767832795 48.6667
34.023 56.62050477265859 50.6667
34.025 54.60117099302736 52.3333
34.027 52.50797937349196 42.0
34.029 50.35198609566074 44.6667
34.031 48.14439241447862 42.6667
34.033 45.89646453210589 39.0
34.035000000000004 43.61945417303771 39.6667
34.037 41.32452052161587 35.6667
34.039 39.02265416043456 30.3333
34.041000000000004 36.72460363082073 39.0
34.043 34.44080518993525 27.3333
34.045 32.18131630331489 33.6667
34.047 29.955753396708136 25.0
34.049 27.773234312815255 23.6667
34.051 25.642325881252162 20.0
34.053 23.570996967311135 20.0
34.055 21.566577294758797 21.3333
34.057 19.635722288565745 15.0
34.059 17.784384126146527 11.3333
34.061 16.017789115416637 12.0
34.063 14.340421473923858 12.3333
34.065 12.756013506582965 9.0
34.067 11.2675421316618 9.6667
34.069 9.877231643858774 9.6667
34.071 8.586562548922396 4.6667
34.073 7.396286242884291 5.0
34.075 6.306445280312162 6.0
34.077 5.316398899522313 2.6667
34.079 4.42485345893775 3.0
34.081 3.629897383950365 2.0
34.083 2.9290401936135306 2.3333
34.085 2.319255151820657 1.3333
34.087 1.7970250606744804 1.0
34.089 1.3583906966318249 0.0
34.091 0.9990013767533961 0.3333
34.093 0.7141671369560862 1.0
34.095 0.49891199847724316 0.0
34.097 0.3480278055358692 0.6667
34.099000000000004 0.25612812226215687 0.0
34.101 0.2177016922935784 0.3333
34.103 0.2271649802524119 0.0
34.105000000000004 0.27891333804312146 0.3333
34.107 0.3673703632332078 1.0
34.109 0.4870350480653425 0.0
34.111 0.6325263492447469 0.0
34.113 0.7986248454496194 1.0
34.115 0.9803111874112862 3.0
34.117 1.1728010848327186 2.6667
34.119 1.3715766181875617 0.6667
34.121 1.572413702969546 1.0
34.123 1.7714055805819 2.3333
34.125 1.9649822509496622 1.6667
34.127 2.1499258051993864 1.3333
34.129 2.323381662156955 2.3333
34.131 2.4828657478266587 1.6667
34.133 2.6262677004833606 4.6667
34.135 2.7518502214990175 6.3333
34.137 2.8582447253155214 3.3333
34.139 2.944443474701985 3.0
34.141 3.009788418498542 3.6667
34.143 3.0539569740938566 2.0
34.145 3.0769450232291793 3.3333
34.147 3.0790474008273545 2.0
34.149 3.0608361886641866 4.6667
34.151 3.023137118938006 3.6667
34.153 2.9670044153139297 2.3333
34.155 2.893694403485378 2.3333
34.157000000000004 2.8046382158241063 3.3333
34.159 2.701413918475041 1.3333
34.161 2.5857183912768376 1.6667
34.163000000000004 2.459339262043321 3.0
34.165 2.324127211242022 2.6667
34.167 2.181968920618959 1.3333
34.169 2.03476094822133 0.3333
34.171 1.884384771650782 0.3333
34.173 1.7326832311260414 2.0
34.175 1.5814385777626065 0.6667
34.177 1.4323523057913714 0.6667
34.179 1.2870269216581232 1.3333
34.181 1.146949776598955 0.3333
34.183 1.013479063460951 1.6667
34.185 0.8878320425927742 0.3333
34.187 0.7710755469191708 0.3333
34.189 0.6641187752939924 0.6667
34.191 0.5677083677256887 0.3333
34.193 0.48242572241582105 0.6667
34.195 0.40868649545053426 0.6667
34.197 0.3467421979460511 0.6667
34.199 0.29668378624519803 0.0
34.201 0.2584471201243165 0.6667
34.203 0.2318201476466189 0.6667
34.205 0.2164516597677651 0.3333
34.207 0.21186144571520918 0.0
34.209 0.21745166899710525 0.0
34.211 0.2325192770931374 0.0
34.213 0.2562692511584398 0.3333
34.215 0.2878285007461705 0.6667
34.217 0.32626020618171875 1.0
34.219 0.370578414204047 0.3333
34.221000000000004 0.41976269638885877 1.3333
34.223 0.4727726850656853 0.3333
34.225 0.5285623107270441 1.3333
34.227000000000004 0.5860935736967359 1.6667
34.229 0.6443496963730309 0.6667
34.231 0.7023475116496583 1.0
34.233000000000004 0.7591489625271435 0.3333
34.235 0.813871599107773 1.0
34.237 0.8656979764007995 0.6667
34.239 0.9138838759810715 1.0
34.241 0.9577652879642284 1.0
34.243 0.9967641076433744 0.0
34.245 1.0303925231879127 1.0
34.247 1.0582560819854658 1.0
34.249 1.0800554418987642 0.3333
34.251 1.0955868349873323 3.6667
34.253 1.1047412745622966 0.6667
34.255 1.1075025660728912 0.3333
34.257 1.103944183546152 1.6667
34.259 1.094225089622563 1.6667
34.261 1.0785845901134543 1.3333
34.263 1.0573363188108613 0.3333
34.265 1.0308614603810065 1.3333
34.267 0.9996013206575953 0.3333
34.269 0.9640493656424425 1.0
34.271 0.9247428419188974 0.0
34.273 0.8822541070630285 0.0
34.275 0.8371817850764691 0.3333
34.277 0.7901418698018081 0.3333
34.279 0.7417588910039918 1.3333
34.281 0.6926572561709975 0.6667
34.283 0.6434528726054136 0.3333
34.285000000000004 0.5947451505361425 0.0
34.287 0.547109479320672 1.0
34.289 0.5010902567304785 0.0
34.291000000000004 0.4571945477128979 0.3333
34.293 0.4158864326121575 0.3333
34.295 0.3775820991585464 1.6667
34.297 0.34264571759156665 0.6667
34.299 0.31138612972221447 0.3333
34.301 0.2840543699228867 0.3333
34.303 0.2608420256017689 0.6667
34.305 0.2418804327109694 0.0
34.307 0.22724069259357485 0.6667
34.309 0.216934485269871 0.3333
34.311 0.2109156449477375 0.0
34.313 0.20908245507721615 0.0
34.315 0.21128061172587503 0.3333
34.317 0.21730679713814288 0.6667
34.319 0.2269127991026895 0.3333
34.321 0.23981010675346187 0.6667
34.323 0.2556749084504031 0.6667
34.325 0.2741534153350701 1.6667
34.327 0.29486743134566584 0.6667
34.329 0.31742008968640245 0.0
34.331 0.34140167574733793 0.6667
34.333 0.36639545817121627 0.3333
34.335 0.3919834503711389 0.3333
34.337 0.4177520299086803 0.6667
34.339 0.44329734468979376 1.3333
34.341 0.46823044193672947 0.6667
34.343 0.49218205862357406 0.3333
34.345 0.5148070218100353 0.0
34.347 0.5357882089157784 0.6667
34.349000000000004 0.5548400295791412 0.6667
34.351 0.5717113955090121 1.0
34.353 0.586188152670027 0.0
34.355000000000004 0.5980949588535889 0.6667
34.357 0.6072965947236049 0.6667
34.359 0.6136987089679604 1.0
34.361000000000004 0.6172479993899527 0.6667
34.363 0.6179318440194903 0.3333
34.365 0.6157774021687391 0.0
34.367 0.610850208146015 0.6667
34.369 0.6032522925242397 1.0
34.371 0.5931198650061467 1.0
34.373 0.5806206034748269 0.3333
34.375 0.5659505913564022 0.0
34.377 0.5493309573768155 1.0
34.379 0.5310042644981694 0.3333
34.381 0.5112307058401231 1.3333
34.383 0.4902841609582983 0.6667
34.385 0.4684481676444526 1.0
34.387 0.4460118664285192 0.3333
34.389 0.42326596974120545 1.0
34.391 0.4004988097293424 1.0
34.393 0.3779925150458965 0.3333
34.395 0.3560193634543732 0.6667
34.397 0.3348383545099617 0.6667
34.399 0.3146920421168939 0.3333
34.401 0.29580366277906267 0.6667
34.403 0.2783745902712692 0.6667
34.405 0.2625821426450848 0.3333
34.407000000000004 0.24857776221058564 0.3333
34.409 0.23648558349214538 0.6667
34.411 0.22640139939096607 0.3333
34.413000000000004 0.21839202915412695 0.6667
34.415 0.21249508780693566 0.6667
34.417 0.2087191502623485 0.6667
34.419 0.20704429872506278 0.3333
34.421 0.20742303766619755 0.6667
34.423 0.20978155509119564 0.3333
34.425 0.21402130602438363 0.3333
34.427 0.22002088956968252 1.6667
34.429 0.22763818784192755 0.0
34.431 0.23671273286802574 0.3333
34.433 0.24706826459041767 0.0
34.435 0.2585154417882853 0.6667
34.437 0.2708546668506927 1.0
34.439 0.283878984239783 0.3333
34.441 0.2973770122106555 0.6667
34.443 0.3111358693107248 0.3333
34.445 0.3249440555289117 1.0
34.447 0.33859425233500884 0.3333
34.449 0.3518860055765316 0.6667
34.451 0.3646282578428629 0.3333
34.453 0.37664170118365403 0.3333
34.455 0.3877609225490183 0.6667
34.457 0.3978363167218913 0.6667
34.459 0.4067357488989422 0.6667
34.461 0.414345947980671 0.6667
34.463 0.4205736195112042 0.0
34.465 0.4253462687010471 1.3333
34.467 0.4286127284596105 0.6667
34.469 0.43034339389515897 1.0
34.471000000000004 0.43053016279195366 1.0
34.473 0.42918609296033505 1.0
34.475 0.4263447836765914 0.6667
34.477000000000004 0.42205949805550735 0.3333
34.479 0.4164020402892761 0.6667
34.481 0.4094614111097399 0.3333
34.483000000000004 0.40134226133399464 0.0
34.485 0.3921631687364928 0.3333
34.487 0.38205476644195 0.3333
34.489 0.3711577471285442 0.3333
34.491 0.3596207763498922 0.0
34.493 0.3475983407919845 0.6667
34.495 0.33524856320333607 0.3333
34.497 0.3227310130657204 0.0
