32.5014 0.4774655638322415 0.6667
32.5042 0.47413836602604975 0.0
32.507 0.4684308700360733 0.0
32.5098 0.4605434125581388 0.6667
32.5126 0.4507630732124044 0.3333
32.5154 0.4394545729312558 1.0
32.5182 0.42704809285730094 0.0
32.520999999999994 0.4140244071428758 0.3333
32.523799999999994 0.40089783697986514 0.6667
32.526599999999995 0.3881976211478756 0.0
32.529399999999995 0.3764483692955253 0.6667
32.532199999999996 0.36615030875310856 0.0
32.535 0.35776005890272805 0.3333
32.5378 0.35167265959309746 0.6667
32.5406 0.34820554686684096 0.0
32.5434 0.3475851109749772 0.3333
32.5462 0.3499363873401036 0.6667
32.549 0.35527632390149183 0.3333
32.5518 0.36351094694165437 0.3333
32.55459999999999 0.37443660582564453 0.3333
32.557399999999994 0.3877453318852837 1.0
32.560199999999995 0.4030341935387258 0.3333
32.562999999999995 0.4198183803248315 0.6667
32.565799999999996 0.43754760424829514 0.6667
32.568599999999996 0.45562527769710587 0.6667
32.5714 0.4734298125171729 0.0
32.5742 0.4903372932584713 0.3333
32.577 0.505744715186597 0.0
32.5798 0.5190929345362733 0.3333
32.5826 0.5298884794359622 0.0
32.5854 0.5377233884525399 0.3333
32.58819999999999 0.5422923022216911 0.6667
32.590999999999994 0.5434061222044542 0.3333
32.593799999999995 0.5410016541482389 0.3333
32.596599999999995 0.5351468004073847 0.6667
32.599399999999996 0.5260410115164348 0.3333
32.602199999999996 0.5140108795056108 0.0
32.605 0.4995009331261228 0.0
32.6078 0.48305986580471194 0.6667
32.6106 0.46532260952533205 0.3333
32.6134 0.4469888195234455 1.3333
32.6162 0.4287984850560931 0.3333
32.619 0.4115054988591541 0.0
32.62179999999999 0.39585011201537246 0.3333
32.624599999999994 0.382531260530667 0.6667
32.627399999999994 0.37217977856707696 1.0
32.630199999999995 0.3653335006666728 0.3333
32.632999999999996 0.36241520970929353 0.6667
32.635799999999996 0.3637143045969087 0.6667
32.6386 0.3693729454740248 0.0
32.6414 0.3793772866435835 0.3333
32.6442 0.39355423862137406 0.0
32.647 0.41157400513208675 0.3333
32.6498 0.43295843963334874 1.0
32.6526 0.4570950542680521 1.0
32.6554 0.48325630291073507 2.0
32.658199999999994 0.5106235616918596 1.6667
32.660999999999994 0.5383150453969618 1.3333
32.663799999999995 0.5654167366446613 2.3333
32.666599999999995 0.5910152748650122 0.6667
32.669399999999996 0.6142316544687652 0.6667
32.6722 0.6342545270521227 0.6667
32.675 0.6503718843810159 0.0
32.6778 0.6619999312705485 0.0
32.6806 0.6687080290162538 0.3333
32.6834 0.6702387021667808 0.3333
32.6862 0.6665218596197158 1.3333
32.689 0.6576825645654566 0.0
32.69179999999999 0.6440419048460522 0.0
32.694599999999994 0.6261107564610782 1.6667
32.697399999999995 0.6045764748243867 1.0
32.700199999999995 0.5802828178977775 0.3333
32.702999999999996 0.5542036386562488 0.6667
32.705799999999996 0.5274111402203951 0.3333
32.7086 0.501039688030408 0.3333
32.7114 0.4762463700123185 1.0
32.7142 0.45416963625281104 0.3333
32.717 0.4358874571554774 0.6667
32.7198 0.4223764951100702 0.6667
32.7226 0.414473786227445 0.6667
32.72539999999999 0.4128423824545876 1.0
32.728199999999994 0.417942299257566 1.0
32.730999999999995 0.43000796539520925 1.6667
32.733799999999995 0.4490331672668275 0.6667
32.736599999999996 0.4747642481479511 2.0
32.739399999999996 0.506702042223838 2.3333
32.7422 0.5441127325463125 1.3333
32.745 0.5860475064977642 0.6667
32.7478 0.6313705694051542 0.3333
32.7506 0.6787947659439952 0.3333
32.7534 0.7269237690797656 0.6667
32.7562 0.7742995319701996 1.0
32.75899999999999 0.8194534796648923 1.3333
32.761799999999994 0.8609597301118328 0.6667
32.764599999999994 0.8974885247309123 2.3333
32.767399999999995 0.9278579746132471 0.6667
32.770199999999996 0.9510822414657438 1.0
32.772999999999996 0.9664143327111154 3.3333
32.7758 0.9733818265635965 0.0
32.7786 0.9718140445457895 0.6667
32.7814 0.9618594280405122 0.0
32.7842 0.943992200482759 1.0
32.787 0.919007720429015 0.3333
32.7898 0.8880063233442927 1.6667
32.7926 0.8523658369425406 1.3333
32.795399999999994 0.8137033545420946 1.6667
32.798199999999994 0.7738272487198885 1.0
32.800999999999995 0.7346807750172911 1.6667
32.803799999999995 0.6982789498614941 0.6667
32.806599999999996 0.6666406835151422 0.6667
32.8094 0.6417183682029413 0.0
32.8122 0.6253272982430678 0.6667
32.815 0.6190773732108787 0.6667
32.8178 0.624309550012909 0.3333
32.8206 0.6420394311276267 2.0
32.8234 0.672910214473788 2.6667
32.8262 0.7171569916779842 1.3333
32.82899999999999 0.7745840678651714 2.3333
32.831799999999994 0.8445565882372534 1.6667
32.834599999999995 0.9260073302653582 1.0
32.837399999999995 1.0174590261282723 3.6667
32.840199999999996 1.117062085961847 2.0
32.842999999999996 1.2226470612094196 1.0
32.8458 1.3317906768528303 2.3333
32.8486 1.4418937641028446 0.6667
32.8514 1.5502689768824376 0.6667
32.8542 1.6542357668744292 1.3333
32.857 1.7512197670562575 1.6667
32.8598 1.8388534912560286 2.6667
32.86259999999999 1.9150750917087946 3.0
32.865399999999994 1.9782218828052007 5.6667
32.868199999999995 2.027115380318027 3.0
32.870999999999995 2.0611347800603506 4.6667
32.873799999999996 2.080276064469914 3.0
32.876599999999996 2.0851943093815577 2.6667
32.8794 2.0772272195269736 2.3333
32.8822 2.05839847981896 1.0
32.885 2.031400130261951 1.0
32.8878 1.9995538330194083 0.6667
32.8906 1.9667516183619416 2.0
32.8934 1.9373774058587607 2.6667
32.89619999999999 1.9162113140169454 3.3333
32.898999999999994 1.908319462643768 5.6667
32.901799999999994 1.9189326103563378 5.0
32.904599999999995 1.9533175555520914 6.6667
32.907399999999996 2.0166457341511608 7.0
32.910199999999996 2.1138638720909357 5.6667
32.913 2.249571875127087 6.0
32.9158 2.427913373692457 2.6667
32.9186 2.652484506655129 2.3333
32.9214 2.9262665940141224 2.6667
32.9242 3.2515884088192117 2.0
32.927 3.630123799204372 3.6667
32.9298 4.062930504683172 8.6667
32.932599999999994 4.550536267648667 8.3333
32.935399999999994 5.093078840728268 17.6667
32.938199999999995 5.6905073960665 17.0
32.940999999999995 6.342854422421617 19.0
32.943799999999996 7.050589728827276 16.3333
32.9466 7.815072160067815 11.3333
32.9494 8.639120836221982 9.6667
32.9522 9.527737146764514 6.0
32.955 10.489023223562466 3.0
32.9578 11.53536480794937 4.6667
32.9606 12.684980823729205 12.0
32.9634 13.963995996232386 21.3333
32.96619999999999 15.40927920939169 32.3333
32.968999999999994 17.0724311509579 40.6667
32.971799999999995 19.0255402525219 55.0
32.974599999999995 21.369730478607025 52.0
32.977399999999996 24.248241744414447 53.0
32.980199999999996 27.867101143394976 45.6667
32.983 32.52896317328409 33.0
32.9858 38.69074651811083 17.0
32.9886 47.06637378631913 11.6667
32.9914 58.81998516481702 25.3333
32.9942 75.95350530849664 60.6667
32.997 102.14852402983539 148.6667
32.99979999999999 144.79023488087773 282.0
33.002599999999994 220.53254324976243 495.3333
33.005399999999995 373.76833196730274 903.6667
33.008199999999995 758.428638729845 1650.3334
33.010999999999996 2251.661583368326 3735.3333
33.013799999999996 37732.394744798396 33071.332
33.0166 19987.19606871347 95300.6641
33.0194 2037.1368605601217 11424.667
33.0222 748.2582208202302 490.0
33.025 387.15782125433054 182.3333
33.0278 236.20984738500147 184.6667
33.0306 158.771305586438 217.0
33.0334 113.73082855515199 224.0
33.036199999999994 85.22415877001082 204.6667
33.038999999999994 66.06526765139493 189.0
33.041799999999995 52.609128501179455 129.3333
33.044599999999996 42.84300418492101 87.0
33.047399999999996 35.57880024748796 62.0
33.0502 30.07592960648037 39.6667
33.053 25.8510306084451 19.3333
33.0558 22.575780136177542 9.0
33.0586 20.019135409600096 7.6667
33.0614 18.01327296517919 14.0
33.0642 16.43277871957255 20.0
33.067 15.181552198293625 19.3333
33.069799999999994 14.184358754980597 26.3333
33.072599999999994 13.381265398597389 31.0
33.075399999999995 12.723909781878485 28.3333
33.078199999999995 12.172957599504663 31.3333
33.080999999999996 11.696341646894288 25.6667
33.0838 11.26801959184947 19.6667
33.0866 10.867076763283556 7.6667
33.0894 10.477057161766536 5.6667
33.0922 10.085443043717586 4.0
33.095 9.683228378243689 4.0
33.0978 9.264548577524135 5.6667
33.1006 8.826340965812252 13.6667
33.10339999999999 8.368019159530592 16.3333
33.106199999999994 7.891150912841245 16.3333
33.108999999999995 7.399133757649648 15.3333
33.111799999999995 6.896866427605112 16.0
33.114599999999996 6.390416726893336 11.3333
33.117399999999996 5.886688583663076 9.0
33.1202 5.393092471085868 7.3333
33.123 4.917224400677373 4.3333
33.1258 4.466559241626732 0.6667
33.1286 4.048164369458414 1.6667
33.1314 3.668439523824407 2.6667
33.1342 3.3328883931534703 1.0
33.13699999999999 3.045926804470681 2.0
33.139799999999994 2.8107315782786024 4.3333
33.142599999999995 2.629133102040855 6.0
33.145399999999995 2.5015535570469636 7.6667
33.148199999999996 2.4269915245998015 5.0
33.150999999999996 2.4030524510275866 4.6667
33.1538 2.4260231854728644 4.0
33.1566 2.4909876088801863 4.6667
33.1594 2.591979230702022 3.6667
33.1622 2.722165609124358 0.6667
33.165 2.874058584143595 1.0
33.1678 3.039743608354974 3.0
33.17059999999999 3.2111209579172364 3.6667
33.173399999999994 3.380151318258054 4.6667
33.176199999999994 3.539098151842494 5.6667
33.178999999999995 3.680759423424272 7.6667
33.181799999999996 3.79868161100309 5.0
33.184599999999996 3.887349512726749 9.6667
33.1874 3.9423461259815564 8.0
33.1902 3.9604778049187446 6.0
33.193 3.93986098784134 3.0
33.1958 3.879967949640907 3.6667
33.1986 3.781630315820483 3.3333
33.2014 3.647000345728468 1.3333
33.2042 3.479471290987972 4.6667
33.206999999999994 3.283559394471708 4.3333
33.209799999999994 3.064751243900742 2.0
33.212599999999995 2.8293212765246536 6.3333
33.215399999999995 2.584125125096307 6.6667
33.218199999999996 2.3363752497268773 3.6667
33.221 2.093405836557916 4.3333
33.2238 1.8624342807743062 1.0
33.2266 1.6503266816397648 1.6667
33.2294 1.4633746643214292 1.0
33.2322 1.3070904981864426 0.3333
33.235 1.1860269340300245 1.6667
33.2378 1.1036274285984433 1.0
33.24059999999999 1.0621114995243455 0.6667
33.243399999999994 1.0623988774491122 1.3333
33.246199999999995 1.1040749333722317 2.3333
33.248999999999995 1.1853985867306247 2.6667
33.251799999999996 1.3033525875814729 5.0
33.254599999999996 1.4537347502259492 2.0
33.2574 1.6312874404585194 2.0
33.2602 1.8298614170000822 2.3333
33.263 2.0426090433006725 1.0
33.2658 2.262200947081732 1.6667
33.2686 2.4810594428565653 1.6667
33.2714 2.691601474338007 5.0
33.27419999999999 2.886483492440999 1.3333
33.276999999999994 3.0588405702882144 6.3333
33.279799999999994 3.2025121892532016 3.6667
33.282599999999995 3.3122474801154658 6.3333
33.285399999999996 3.3838832902779776 3.6667
33.288199999999996 3.414489239759054 2.6667
33.291 3.402474891831555 4.3333
33.2938 3.3476553125608968 3.3333
33.2966 3.251272539181561 2.0
33.2994 3.115971814351537 3.0
33.3022 2.9457328540834884 1.6667
33.305 2.745757791291574 1.6667
33.3078 2.5223188112213695 3.3333
33.310599999999994 2.282569771735774 1.6667
33.313399999999994 2.034327269100576 3.6667
33.316199999999995 1.7858276210594544 0.6667
33.318999999999996 1.545467066949534 3.0
33.321799999999996 1.3215330955583457 2.0
33.3246 1.121935194763443 1.3333
33.3274 0.9539434485541283 1.6667
33.3302 0.8239432828426989 0.3333
33.333 0.7372142855197624 0.6667
33.3358 0.6977404035337241 0.6667
33.3386 0.708057961783914 1.0
33.3414 0.7691468902155737 0.6667
33.344199999999994 0.8803692993671739 1.6667
33.346999999999994 1.0394581601150337 2.0
33.349799999999995 1.2425573521437774 2.0
33.352599999999995 1.4843127919928483 3.3333
33.355399999999996 1.7580127829227845 4.0
33.3582 2.0557741908112366 2.0
33.361 2.3687695901449137 3.3333
33.3638 2.6874891805456946 4.3333
33.3666 3.0020301054141805 4.3333
33.3694 3.3024048161715434 2.3333
33.3722 3.5788593982138504 3.0
33.375 3.8221922687267837 1.3333
33.37779999999999 4.024063467494299 3.6667
33.380599999999994 4.177284820439305 5.6667
33.383399999999995 4.276081635261942 4.3333
33.386199999999995 4.3163172282117035 2.0
33.388999999999996 4.2956725077062465 4.0
33.391799999999996 4.213773998052179 4.6667
33.3946 4.072265080188612 5.0
33.3974 3.874816785119589 2.6667
33.4002 3.6270761834967584 5.3333
33.403 3.3365522248498727 3.0
33.4058 3.012440717213758 2.0
33.4086 2.665391980680144 3.0
33.41139999999999 2.307226493423847 2.3333
33.414199999999994 1.950605515690113 2.6667
33.416999999999994 1.6086651868632655 2.3333
33.419799999999995 1.2946238965425612 2.3333
33.422599999999996 1.0213737851207487 1.0
33.425399999999996 0.8010680040360023 1.6667
33.4282 0.644715828377354 0.6667
33.431 0.5617978474267484 1.3333
33.4338 0.559913250338095 1.0
33.4366 0.6444706741310336 1.0
33.4394 0.8184331918989847 1.3333
33.4422 1.0821268178416406 0.3333
33.44499999999999 1.433120406265103 1.6667
33.447799999999994 1.8661830723043444 2.0
33.450599999999994 2.373323291020401 2.0
33.453399999999995 2.9439117039814247 4.6667
33.456199999999995 3.564887416389704 4.0
33.458999999999996 4.221045276500904 5.6667
33.4618 4.895399342301634 6.0
33.4646 5.569615528123007 5.6667
33.4674 6.2245043378926175 9.0
33.4702 6.840562696540693 9.3333
33.473 7.398552240402943 6.0
33.4758 7.880100065137413 10.0
33.4786 8.268306886516816 6.6667
33.481399999999994 8.548346917495767 9.0
33.484199999999994 8.708043465962854 11.6667
33.486999999999995 8.738404382365546 8.0
33.489799999999995 8.63410200861105 11.3333
33.492599999999996 8.393883202963933 10.0
33.4954 8.020896314213855 7.0
33.4982 7.522923642553851 8.3333
33.501 6.912509914449216 8.6667
33.5038 6.206979546039206 4.0
33.5066 5.428337980905897 4.3333
33.5094 4.603055035822365 5.0
33.5122 3.7617309717334435 4.0
33.51499999999999 2.9386488273940494 4.3333
33.517799999999994 2.1712193502493213 4.6667
33.520599999999995 1.4993275710952254 3.3333
33.523399999999995 0.9645926243694423 2.0
33.526199999999996 0.609554749790204 0.6667
33.528999999999996 0.47680546602563845 0.3333
33.5318 0.6080786281199053 2.0
33.5346 1.0433214187405793 2.3333
33.5374 1.8197652431784246 3.6667
33.5402 2.97101696662889 2.6667
33.543 4.526190934074666 6.6667
33.5458 6.509101740422546 8.3333
33.54859999999999 8.937536769929956 10.0
33.551399999999994 11.822626131042094 14.3333
33.554199999999994 15.168325774219163 17.6667
33.556999999999995 18.971027375757163 19.6667
33.559799999999996 23.219306004561393 21.3333
33.562599999999996 27.89381375770617 28.0
33.5654 32.9673244872988 45.0
33.5682 38.40493154752831 38.3333
33.571 44.16439721900566 53.6667
33.5738 50.196649192281164 52.6667
33.5766 56.44641632958402 56.3333
33.5794 62.8529928850338 64.6667
33.5822 69.35111757404411 73.0
33.584999999999994 75.87195139725085 86.3333
33.587799999999994 82.34413594334227 95.0
33.590599999999995 88.69491217423968 98.3333
33.593399999999995 94.85127836040697 101.6667
33.596199999999996 100.7411649905847 103.0
33.599 106.29460408577512 118.6667
33.6018 111.44487049487635 128.0
33.6046 116.12957327210255 135.3333
33.6074 120.2916763352889 133.3333
33.6102 123.88042903813435 131.3333
33.613 126.85218915989321 143.3333
33.6158 129.1711230509752 143.6667
33.618599999999994 130.80977015370877 153.3333
33.621399999999994 131.74946189983237 152.6667
33.624199999999995 131.9805879099823 149.6667
33.626999999999995 131.50270546957458 149.3333
33.629799999999996 130.32449137436407 146.0
33.6326 128.46353832309367 141.6667
33.6354 125.94600106168507 131.0
33.6382 122.80610035547994 128.6667
33.641 119.08549556977597 139.0
33.6438 114.83253906012528 129.0
33.6466 110.10142772850094 121.6667
33.6494 104.95126891040802 128.3333
33.65219999999999 99.44507919005473 112.0
33.654999999999994 93.64873577169936 101.6667
33.657799999999995 87.62990068017841 93.0
33.660599999999995 81.45693824733404 100.6667
33.663399999999996 75.19784612417979 86.6667
33.666199999999996 68.91921943157702 76.3333
33.669 62.685266607508645 65.3333
33.6718 56.55689414709517 56.6667
33.6746 50.590875650394786 52.6667
33.6774 44.839118620287174 55.6667
33.6802 39.3480401334638 51.0
33.683 34.15806009761524 43.3333
33.68579999999999 29.303218180202833 33.6667
33.688599999999994 24.810917858921105 31.6667
33.691399999999994 20.70179836011255 26.0
33.694199999999995 16.989732639366014 22.0
33.696999999999996 13.681947018219953 16.0
33.699799999999996 10.779255775483987 13.3333
33.7026 8.276401803207376 10.3333
33.7054 6.162492583591025 7.6667
33.7082 4.421519123502661 6.0
33.711 3.032944206243057 3.3333
33.7138 1.9723453806258375 4.0
33.7166 1.2120975107075114 1.3333
33.71939999999999 0.7220794698351746 1.0
33.722199999999994 0.47038966763654877 0.3333
33.724999999999994 0.4240555361382049 2.0
33.727799999999995 0.5497228468362466 1.3333
33.730599999999995 0.814311764423937 1.3333
33.733399999999996 1.1856278174761241 1.6667
33.7362 1.6329174584167634 1.3333
33.739 2.127359540734562 2.0
33.7418 2.642485824037728 5.0
33.7446 3.154525475823978 2.6667
33.7474 3.642670434913879 3.3333
33.7502 4.089260380514884 3.0
33.753 4.479887880359306 2.6667
33.755799999999994 4.803426029023902 5.0
33.758599999999994 5.051982486136866 5.3333
33.761399999999995 5.220785277965038 7.6667
33.764199999999995 5.308006978783374 4.3333
33.766999999999996 5.314534938210349 2.6667
33.7698 5.2436960478834385 4.0
33.7726 5.100945134313876 6.3333
33.7754 4.893526412036326 3.3333
33.7782 4.6301175619085875 3.0
33.781 4.320465877921112 4.0
33.7838 3.975025597928559 4.3333
33.7866 3.604605025638507 1.3333
33.78939999999999 3.220031316071868 2.6667
33.792199999999994 2.831839964664516 0.6667
33.794999999999995 2.4499950396248407 1.3333
33.797799999999995 2.083645115686993 1.0
33.800599999999996 1.7409187182471852 0.6667
33.803399999999996 1.4287619007578294 2.0
33.8062 1.152819383283945 0.6667
33.809 0.9173595147593439 1.3333
33.8118 0.725242205547352 0.6667
33.8146 0.5779279376386435 0.6667
33.8174 0.475525023012442 0.6667
33.8202 0.41687146113141493 0.3333
33.82299999999999 0.39964706178257825 0.3333
33.825799999999994 0.42051095995196064 0.3333
33.828599999999994 0.47525926220071635 0.3333
33.831399999999995 0.5589973326633586 1.0
33.834199999999996 0.6663211479390878 1.6667
33.836999999999996 0.7915022207507281 1.0
33.8398 0.9286708031509521 1.3333
33.8426 1.07199241646235 1.3333
33.8454 1.215833208226617 0.3333
33.8482 1.3549101805823054 3.0
33.851 1.4844229592637446 1.6667
33.8538 1.6001644540358095 1.0
33.8566 1.698608475056283 1.0
33.859399999999994 1.776973104519167 1.3333
33.862199999999994 1.8332593513054958 2.6667
33.864999999999995 1.8662653190146694 1.3333
33.867799999999995 1.8755767828770387 2.3333
33.870599999999996 1.8615356759386317 1.0
33.8734 1.8251885232658251 1.3333
33.8762 1.7682173146127422 1.6667
33.879 1.6928556716098115 1.0
33.8818 1.6017934349656657 0.3333
33.8846 1.4980729667537738 0.6667
33.8874 1.3849805297323368 0.3333
33.8902 1.2659360898195582 2.0
33.892999999999994 1.1443847618525456 1.3333
33.895799999999994 1.023692924014015 1.3333
33.898599999999995 0.9070517498679269 1.3333
33.901399999999995 0.7973905681361944 0.3333
33.904199999999996 0.6973020676923483 0.3333
33.907 0.6089809395944359 0.0
33.9098 0.5341770891762126 1.3333
33.9126 0.47416408761738005 0.3333
33.9154 0.429723067481882 0.6667
33.9182 0.4011418166412429 0.0
33.921 0.38822840387102087 0.3333
33.9238 0.3903382816701616 0.0
33.92659999999999 0.40641347571152253 0.6667
33.929399999999994 0.43503218303924074 0.3333
33.932199999999995 0.4744668776811727 0.3333
33.934999999999995 0.5227488607899586 0.3333
33.937799999999996 0.5777370953814296 2.3333
33.940599999999996 0.6371891376903493 0.3333
33.9434 0.6988320067935454 1.0
33.9462 0.7604309315365216 1.0
33.949 0.8198540586635464 2.3333
33.9518 0.8751314048217755 1.6667
33.9546 0.9245065712398661 1.0
33.9574 0.9664800133169635 2.0
33.96019999999999 0.9998429464533567 2.0
33.962999999999994 1.023701283492212 1.0
33.965799999999994 1.0374893070136724 1.6667
33.968599999999995 1.0409730947072773 1.0
33.971399999999996 1.0342440058726883 0.6667
33.974199999999996 1.017702819677259 0.6667
33.977 0.9920353600236071 0.6667
33.9798 0.9581806553710372 1.6667
33.9826 0.9172928624686161 1.0
33.9854 0.8706983104909243 0.6667
33.9882 0.8198491178998616 1.0
33.991 0.7662748707688345 1.3333
33.99379999999999 0.7115338609484765 0.3333
33.996599999999994 0.6571653269910401 1.0
33.999399999999994 0.6046440677503993 0.0
34.002199999999995 0.5553386691723751 0.3333
34.004999999999995 0.5104744410384687 0.6667
34.007799999999996 0.4711019754074577 0.3333
34.0106 0.4380720451745332 0.6667
34.0134 0.4120173491676589 0.0
34.0162 0.3933413895798546 0.3333
34.019 0.3822145513424426 0.6667
34.0218 0.3785772385402693 0.0
34.0246 0.3821497222680373 0.0
34.0274 0.3924481706844395 0.6667
34.030199999999994 0.4088061690739303 0.0
34.032999999999994 0.43040090333770187 0.0
34.035799999999995 0.45628307037444776 0.3333
34.038599999999995 0.4854095048745048 0.3333
34.041399999999996 0.5166774663422798 0.6667
34.0442 0.5489595184410347 0.0
34.047 0.5811379520381365 0.3333
34.0498 0.6121377531065026 0.6667
34.0526 0.6409571924742867 0.6667
34.0554 0.6666952167120898 1.6667
34.0582 0.6885749391336048 1.3333
34.061 0.7059626689785916 0.3333
34.06379999999999 0.7183820674871728 0.3333
34.066599999999994 0.7255231710867949 1.0
34.069399999999995 0.7272461897010727 0.6667
34.072199999999995 0.7235801345804361 0.6667
34.074999999999996 0.7147164870458264 0.3333
34.077799999999996 0.7009982555500838 0.3333
34.0806 0.6829048923544331 0.6667
34.0834 0.6610336458911672 0.6667
34.0862 0.636078015524665 1.3333
34.089 0.608804033206344 0.3333
34.0918 0.58002514236233 1.3333
34.0946 0.550576457096267 0.0
34.09739999999999 0.5212891819246375 0.3333
34.100199999999994 0.492965938897696 0.3333
34.102999999999994 0.46635770398978615 0.0
34.105799999999995 0.44214298079641584 0.3333
34.108599999999996 0.4209097585736822 0.0
34.111399999999996 0.4031406993466702 0.0
34.1142 0.3892018940910498 0.3333
34.117 0.3793354101581598 0.0
34.1198 0.37365573541072084 0.3333
34.1226 0.37215010639017665 0.0
34.1254 0.3746825956218886 0.3333
34.1282 0.3810017241203823 0.3333
34.131 0.3907512711118841 0.3333
34.133799999999994 0.4034838681407622 0.3333
34.136599999999994 0.4186768945976332 1.0
34.139399999999995 0.4357501392226109 1.0
34.142199999999995 0.45408465628445543 1.0
34.144999999999996 0.4730422251237681 1.6667
34.1478 0.4919848247186698 0.0
34.1506 0.5102935467073191 1.3333
34.1534 0.5273864081462349 0.0
34.1562 0.5427345702019233 1.0
34.159 0.5558765309378437 1.3333
34.1618 0.566429930381949 0.6667
34.1646 0.5741006909206827 0.3333
34.167399999999994 0.5786892952738643 2.0
34.170199999999994 0.5800940985597898 0.3333
34.172999999999995 0.5783116621768352 0.0
34.175799999999995 0.5734341774838879 0.3333
34.178599999999996 0.5656441382685509 0.6667
34.1814 0.5552064944777982 0.3333
34.1842 0.5424585862188316 0.6667
34.187 0.5277982120545945 0.0
34.1898 0.5116702382379132 0.0
34.1926 0.4945521761408831 0.0
34.1954 0.4769391830398497 0.0
34.1982 0.45932894120185463 0.0
34.20099999999999 0.44220686205648635 0.3333
34.203799999999994 0.42603204204731543 0.3333
34.206599999999995 0.4112243628647893 0.3333
34.209399999999995 0.39815308290251183 0.0
34.212199999999996 0.3871272175613875 0.3333
34.214999999999996 0.3783879421325633 1.0
34.2178 0.3721031882496754 0.3333
34.2206 0.36836453500348426 0.3333
34.2234 0.3671864263134259 0.3333
34.2262 0.36850767786722105 0.6667
34.229 0.37219516941257524 0.0
34.2318 0.37804955980041627 1.0
34.2346 0.3858128038152235 0.3333
34.237399999999994 0.3951772061903241 0.3333
34.240199999999994 0.4057957071202835 1.3333
34.242999999999995 0.41729306812628536 0.0
34.245799999999996 0.4292776073794297 0.3333
34.248599999999996 0.44135312722727926 1.0
34.2514 0.4531306796298281 0.3333
34.2542 0.46423982992317975 0.6667
34.257 0.47433910145111957 0.6667
34.2598 0.48312531489781374 0.0
34.2626 0.49034157896758074 0.3333
34.2654 0.4957837280979963 1.0
34.26819999999999 0.4993050602947551 0.3333
34.270999999999994 0.5008192777251614 0.6667
34.273799999999994 0.5003015843414326 0.0
34.276599999999995 0.49778795940486337 0.6667
34.279399999999995 0.49337266505699934 1.0
34.282199999999996 0.4872041096822497 0.6667
34.285 0.47947922251830616 0.0
34.2878 0.47043654167797794 0.3333
34.2906 0.4603482478415144 0.0
34.2934 0.44951140014527174 0.0
34.2962 0.4382386497365277 0.3333
34.299 0.4268487127806165 0.3333
34.3018 0.4156568886819254 0.3333
34.30459999999999 0.4049658965743626 0.3333
34.307399999999994 0.3950572902548607 0.3333
34.310199999999995 0.3861836894484083 0.6667
34.312999999999995 0.3785620333059544 0.3333
34.315799999999996 0.37236802919203005 1.0
34.318599999999996 0.3677319317759523 0.3333
34.3214 0.36473574350970633 0.3333
34.3242 0.3634118862977531 0.3333
34.327 0.36374334857825424 0.3333
34.3298 0.3656652707553443 0.0
34.3326 0.36906788966778725 0.0
34.3354 0.3738007256476499 0.0
34.33819999999999 0.37967786311549 0.6667
34.340999999999994 0.3864841458758258 0.3333
34.343799999999995 0.39398208697031945 0.0
34.346599999999995 0.40191927639682556 0.0
34.349399999999996 0.4100360605078548 0.0
34.352199999999996 0.4180732642151921 1.3333
34.355 0.42577973056654905 0.3333
34.3578 0.4329194630881341 0.3333
34.3606 0.43927817316417167 0.3333
34.3634 0.4446690546447235 0.3333
34.3662 0.4489376355552368 0.0
34.369 0.45196558661687314 0.0
34.37179999999999 0.45367339855020294 0.0
34.374599999999994 0.45402187551745177 0.3333
34.377399999999994 0.4530124282396424 0.3333
34.380199999999995 0.45068617888654094 0.3333
34.382999999999996 0.44712193881955187 0.6667
34.385799999999996 0.44243313122938255 0.6667
34.3886 0.4367637786852093 0.0
34.3914 0.43028368608058754 0.0
34.3942 0.42318297892605683 1.0
34.397 0.4156661660171315 0.3333
34.3998 0.4079459101979439 0.0
34.4026 0.40023669156352737 1.0
34.4054 0.392748549761609 0.3333
34.408199999999994 0.3856810835634692 0.0
34.410999999999994 0.379217876147376 0.0
34.413799999999995 0.3735214979493917 0.6667
34.416599999999995 0.368729218551396 0.3333
34.419399999999996 0.36494953805736086 0.3333
34.4222 0.3622596197714028 0.0
34.425 0.36070367992526586 0.3333
34.4278 0.3602923620474823 0.3333
34.4306 0.36100309186326224 0.0
34.4334 0.36278138504229274 0.3333
34.4362 0.36554304815017086 0.3333
34.439 0.3691771931835332 0.6667
34.44179999999999 0.37354996125441076 0.0
34.444599999999994 0.3785088344920622 0.6667
34.447399999999995 0.3838874000087238 1.0
34.450199999999995 0.38951041998946506 0.0
34.452999999999996 0.3951990556288904 0.0
34.455799999999996 0.40077609215872273 0.0
34.4586 0.40607101464161227 0.6667
34.4614 0.41092479135987325 0.0
34.4642 0.4151942336801619 1.0
34.467 0.41875581558634756 1.0
34.4698 0.4215088530446392 0.6667
34.4726 0.42337796654650284 1.3333
34.47539999999999 0.42431476852632216 0.0
34.478199999999994 0.4242987418729352 0.0
34.480999999999995 0.4233373030754843 0.0
34.483799999999995 0.4214650621690811 0.0
34.486599999999996 0.41874231474507306 0.3333
34.489399999999996 0.41525282801595487 0.0
34.4922 0.4111009940413527 0.6667
34.495 0.4064084474585351 1.0
34.4978 0.40131025196911624 0.6667
34.5006 0.39595077362417086 0.3333
34.5034 0.3904793668130574 0.3333
34.5062 0.3850459972305318 0.0
34.509 0.37979692998250736 0.3333
34.511799999999994 0.3748706040475786 0.0
34.514599999999994 0.3703938077467763 1.0
34.517399999999995 0.3664782587080394 0.3333
34.520199999999996 0.36321767760772083 0.0
34.522999999999996 0.3606854314618951 0.6667
34.5258 0.3589328015425539 0.3333
34.5286 0.3579879143613125 0.3333
34.5314 0.35785535318756195 0.0
34.5342 0.3585164498077508 0.3333
34.537 0.359930233593517 0.0
34.5398 0.36203500025846674 0.0
34.54259999999999 0.3647504433251534 0.6667
34.545399999999994 0.36798027752668294 0.6667
34.548199999999994 0.3716152698261542 0.6667
34.550999999999995 0.37553658508749865 0.6667
34.553799999999995 0.37961934478987597 0.6667
34.556599999999996 0.3837362941499839 0.6667
34.5594 0.38776147050028204 1.0
34.5622 0.3915737700416957 0.6667
34.565 0.3950603120495968 0.0
34.5678 0.39811950949736563 0.6667
34.5706 0.4006637637487685 0.6667
34.5734 0.4026217140233658 0.3333
34.5762 0.4039399854139873 0.3333
34.57899999999999 0.40458439555172543 0.3333
34.581799999999994 0.4045405938537991 0.3333
34.584599999999995 0.40381412756912216 0.0
34.587399999999995 0.4024299410251618 0.3333
34.590199999999996 0.4004313339123432 0.0
34.592999999999996 0.3978784166541065 1.0
34.5958 0.39484611620590204 0.3333
34.5986 0.39142179615074896 0.3333
34.6014 0.38770256570347067 0.0
34.6042 0.3837923594491169 0.6667
34.607 0.37979887399744794 0.0
34.6098 0.37583045050900366 0.3333
34.6126 0.3719929931447625 0.6667
34.615399999999994 0.3683870090462407 1.0
34.618199999999995 0.36510485162538103 0.6667
34.620999999999995 0.36222824137986853 0.0
34.623799999999996 0.35982612989238366 0.6667
34.626599999999996 0.357952960610116 0.6667
34.6294 0.35664736952637044 0.0
34.6322 0.3559313537235911 0.6667
34.635 0.355809924269383 0.6667
34.6378 0.3562712440281271 0.0
34.6406 0.3572872391577442 0.0
34.6434 0.3588146575713109 0.3333
34.64619999999999 0.3607965385745549 0.6667
34.648999999999994 0.3631640436027263 0.0
34.651799999999994 0.3658385919771659 0.0
34.654599999999995 0.36873423485350704 1.0
34.657399999999996 0.37176019796576576 0.3333
34.660199999999996 0.37482351747781817 0.3333
34.663 0.37783169463939326 1.0
34.6658 0.3806952927934975 0.6667
34.6686 0.3833304061601067 0.0
34.6714 0.38566093175170346 0.6667
34.6742 0.3876205860526115 0.3333
34.677 0.3891546108008884 0.3333
34.6798 0.3902211295411683 0.3333
34.682599999999994 0.39079211745190034 0.3333
34.685399999999994 0.3908539701758956 1.0
34.688199999999995 0.39040765388572535 0.6667
34.690999999999995 0.3894684493516528 0.3333
34.693799999999996 0.3880652948863397 0.6667
34.6966 0.38623975788320597 0.6667
